# gloveCalibration.CalibrationRoutine parameters:
# calibrated on Tue Feb 14 18:55:19 CET 2012
# alpha-beta-gamma values:
  0.0547   1.0000   0.0000 
  0.9348   0.0469  -1.8193 
 -0.8403   3.6882   0.0000 
 -0.8418   3.1708   0.0000 
  0.3830   0.0233  -0.7651 
 -1.1998   4.0203   0.0000 
 -0.9215   3.7807   0.0000 
 -0.2241   0.4463   0.0000 
 -1.1737   3.7754   0.0000 
 -0.9021   3.4059   0.0000 
 -0.5701   1.1208   0.0000 
 -0.8974   3.4204   0.0000 
 -0.6729   2.7296   0.0000 
 -1.3337   2.8223   0.0000 
  2.3516  -3.2759   0.0000 
  0.2392   1.0011  -1.4551 
 -0.3732   1.4172   0.0000 
 -0.6098   1.7364   0.0000 

