#time#THJ1#THJ2#THJ3#THJ4#THJ5#FFJ0#FFJ3#FFJ4#MFJ0#MFJ3#MFJ4#RFJ0#RFJ3#RFJ4#LFJ0#LFJ3#LFJ4#LFJ5#WRJ1#WRJ2
1645074000000 0.574627 1.88872 -11.0451 46.318 -10.315 3.32234 0 -10.5104 7.38876 0 -2.58967 6.82494 0 -4.51186 0 0 -12.8977 2.94603 1.07731 -11.5223 
1645110000000 0.574627 1.88872 -11.0451 46.318 -10.315 3.32234 0 -10.5104 7.38876 0 -2.58967 6.82494 0 -4.51186 0 0 -12.8977 2.94603 1.07731 -11.5223 
1645147000000 0.574627 1.88872 -11.0451 46.318 -10.315 3.32234 0 -10.5104 7.38876 0 -2.58967 6.82494 0 -4.51186 0 0 -12.8977 2.94603 1.07731 -11.5223 
1645186000000 0.574627 1.88872 -11.0451 46.318 -10.315 3.32234 0 -10.5104 7.38876 0 -2.58967 6.82494 0 -4.51186 0 0 -12.8977 2.94603 1.07731 -11.5223 
1645225000000 0.574627 1.88872 -11.0451 46.318 -10.315 3.32234 0 -10.5104 7.38876 0 -2.53179 6.82494 0 -4.39082 0 0 -12.5768 2.94603 1.07731 -11.5223 
1645270000000 0.574627 1.88872 -11.0451 46.318 -10.315 3.32234 0 -10.5104 7.38876 0 -2.53179 6.82494 0 -4.39082 0 0 -12.5768 2.94603 1.07731 -11.5223 
1645309000000 0.574627 1.88872 -11.0451 46.318 -10.315 3.32234 0 -10.5104 7.38876 0 -2.53179 6.82494 0 -4.39082 0 0 -12.5768 2.94603 1.07731 -11.5223 
1645350000000 0.574627 1.88872 -11.0451 46.318 -10.315 3.32234 0 -10.5104 7.38876 0 -2.53179 6.82494 0 -4.39082 0 0 -12.5768 2.94603 1.07731 -11.5223 
1645390000000 0.574627 1.88872 -11.0451 46.318 -10.0933 3.32234 0 -10.2845 7.38876 0 -2.53179 6.82494 0 -4.39082 0 0 -12.5768 2.94603 -0.0680022 -11.6973 
1645430000000 0.574627 1.38508 -11.0748 46.9706 -10.0933 3.32234 0 -10.2845 7.38876 0 -2.53179 6.82494 0 -4.39082 0 0 -12.5768 2.94603 1.07731 -11.6973 
1645472000000 0.574627 1.38508 -11.0748 46.9706 -10.0933 3.32234 0 -10.2845 7.38876 0 -2.53179 6.82494 0 -4.39082 0 0 -12.5768 2.94603 -0.640658 -11.6973 
1645513000000 0.574627 1.38508 -11.0748 46.9706 -10.0933 3.32234 0 -10.2845 7.38876 0 -2.53179 6.82494 0 -4.39082 0 0 -12.5768 2.94603 1.07731 -11.6973 
1645520000000 0.574627 1.38508 -11.0748 46.9706 -10.0933 3.32234 0 -10.2845 7.38876 0 -2.53179 6.82494 0 -4.39082 0 0 -12.5768 2.94603 1.07731 -11.6973 
1645551000000 0.574627 1.38508 -11.0748 46.9706 -10.0933 3.32234 0 -10.2845 7.38876 0 -2.53179 6.82494 0 -4.39082 0 0 -12.5768 2.94603 1.07731 -11.6973 
1645565000000 0.574627 1.38508 -11.0748 46.9706 -10.0933 3.32234 0 -10.2845 7.38876 0 -2.53179 6.82494 0 -4.39082 0 0 -12.5768 2.94603 1.07731 -11.6973 
1645601000000 0.574627 1.38508 -11.0748 46.9706 -10.0933 4.62607 0 -10.2845 7.38876 0 -2.53179 6.82494 0 -4.39082 0 0 -12.5768 2.94603 1.07731 -11.6973 
1645641000000 0.574627 1.38508 -11.0748 46.9706 -10.0933 4.62607 0 -10.2845 7.38876 0 -2.53179 6.82494 0 -4.39082 0 0 -12.5768 2.94603 1.07731 -11.6973 
1645684000000 0.574627 1.38508 -11.0748 46.9706 -10.0933 4.62607 0 -10.2845 7.38876 0 -2.53179 6.82494 0 -4.39082 0 0 -12.5768 2.94603 1.07731 -11.6973 
1645724000000 0.574627 1.38508 -11.0748 46.9706 -10.0933 4.62607 0 -10.2845 7.38876 0 -2.53179 6.82494 0 -4.39082 0 0 -12.5768 2.94603 1.07731 -11.6973 
1645730000000 0.574627 1.38508 -11.0748 46.9706 -10.0933 4.62607 0 -10.2845 7.38876 0 -2.53179 6.82494 0 -4.39082 0 0 -12.5768 2.94603 1.07731 -11.6973 
1645764000000 0.574627 1.38508 -11.0748 46.9706 -10.0933 4.62607 0 -10.2845 7.38876 0 -2.53179 6.82494 0 -4.39082 0 0 -12.5768 2.94603 1.07731 -11.6973 
1645789000000 0.574627 1.38508 -11.0748 46.9706 -10.0933 4.62607 0 -10.2845 7.38876 0 -2.53179 6.82494 0 -4.39082 0 0 -12.5768 2.94603 -0.0680022 -11.6973 
1645829000000 0.574627 1.38508 -11.0748 46.9706 -10.0933 4.62607 0 -10.2845 7.38876 0 -2.53179 6.82494 0 -4.39082 0 0 -12.5768 2.94603 1.07731 -11.6973 
1645876000000 0.574627 1.38508 -11.0748 46.9706 -10.0933 4.62607 0 -10.2845 7.38876 0 -2.53179 9.60702 0 -4.39082 0 0 -12.5768 2.94603 -0.0680022 -11.6973 
1645911000000 0.574627 1.38508 -11.0748 46.9706 -10.0933 4.62607 0 -10.2845 7.38876 0 -2.4739 9.60702 0 -4.26978 0 0 -12.2558 2.94603 1.07731 -11.6973 
1645958000000 0.574627 1.38508 -11.0748 46.9706 -10.0933 4.62607 0 -10.2845 8.56379 0 -2.4739 9.60702 0 -4.26978 0 0 -12.2558 2.94603 0.504653 -11.6973 
1645998000000 0.574627 1.38508 -11.0748 46.9706 -10.0933 5.92979 0 -10.2845 8.56379 0 -2.4739 9.60702 0 -4.26978 0 0 -12.2558 2.94603 0.504653 -11.6973 
1646037000000 0.574627 1.38508 -11.0748 46.9706 -10.0933 5.92979 0 -10.2845 10.9138 0 -2.4739 9.60702 0 -4.26978 0 0 -12.2558 2.94603 -1.21332 -11.6973 
1646074000000 0.574627 1.38508 -11.0748 46.9706 -10.0933 8.53725 0 -10.2845 10.9138 0 -2.4739 12.3891 0 -4.26978 0 0 -12.2558 2.94603 0.504653 -11.6973 
1646118000000 0.574627 1.38508 -11.0748 46.9706 -10.0933 9.84097 0 -10.2845 12.0889 0 -2.4739 13.7801 0 -4.2564 0 0.245651 -12.2189 2.94603 0.504653 -11.6973 
1646155000000 0.574627 1.38508 -10.8407 48.2757 -9.64992 15.0559 1.49238 -10.7364 14.4389 0 -2.4739 16.5622 0 -4.22965 4.33841 3.65425 -12.1451 2.94603 -0.0680022 -11.6973 
1646195000000 0.574627 1.38508 -10.8407 48.2757 -9.42823 18.9671 2.33726 -10.7364 16.789 0 -2.4739 20.7354 0 -4.21627 9.90514 7.06286 -12.1082 2.94603 -0.0680022 -11.6973 
1646235000000 0.574627 1.38508 -10.7237 48.9283 -8.98486 22.8782 4.02704 -10.9623 20.314 0 -2.35813 23.5174 0 -3.97418 14.0802 9.61931 -11.4663 2.94603 -0.0680022 -11.6973 
1646276000000 0.574627 1.38508 -10.8407 48.2757 -8.09812 32.0043 11.631 -10.2845 29.7142 6.08135 -1.95292 31.8637 8.18743 -3.06 27.997 22.4016 -9.03518 2.94603 -2.35863 -10.9974 
1646319000000 0.574627 1.38508 -10.9577 47.6231 -7.65475 34.6118 14.1657 -9.6066 34.4143 11.9337 -1.54771 36.0368 15.4323 -2.17257 37.7388 27.5145 -6.67785 2.94603 -1.21332 -10.8224 
1646360000000 0.574627 1.38508 -10.9577 47.6231 -7.43306 39.8267 16.7003 -9.15469 40.2894 14.2746 -1.37405 41.601 19.0548 -1.76931 50.2639 29.2188 -5.60429 2.94603 -1.78597 -10.6474 
1646397000000 0.574627 1.38508 -10.8407 48.2757 -6.98969 46.3453 20.0799 -8.70279 49.6896 18.9565 -1.02673 49.9472 26.2997 -0.962795 66.9641 32.6274 -3.45719 2.94603 -2.35863 -10.6474 
1646440000000 0 1.38508 -10.6066 49.5809 -6.10295 55.4714 25.1492 -7.57302 59.0898 29.4907 -0.621523 59.6846 35.3558 -0.0352345 80.881 37.7403 -0.989141 2.94603 -3.50394 -10.6474 
1646482000000 0 2.39236 -10.3131 49.5809 -5.43789 73.7236 38.6674 -3.73182 72.0151 42.3658 -0.274203 72.2039 46.2231 0.798035 96.1895 42.001 1.23177 2.94603 -4.64925 -10.6474 
1646520000000 0 2.39236 -10.3131 49.5809 -5.2162 82.8497 46.2714 -1.47229 76.7152 48.2182 -0.100543 79.1591 51.6568 1.22805 105.931 43.7053 2.37913 2.94603 -4.64925 -10.2975 
1646559000000 0 2.89599 -10.4004 48.2757 -4.99452 107.621 54.7203 0.787234 93.1655 56.4114 0.015231 93.0696 62.5241 1.57714 122.631 45.4096 3.31625 2.94603 -7.51253 -9.42257 
1646599000000 0.154252 3.90326 -10.1068 48.2757 -4.99452 121.962 62.3243 1.69104 102.566 63.4342 0.0731177 100.025 78.8251 1.77845 132.373 49.6704 3.85862 2.94603 -6.93987 -8.19773 
1646640000000 1.41538 5.41417 -9.54947 48.9283 -4.32946 128.48 68.2385 1.917 107.266 68.1161 0.0731177 101.416 98.7486 1.8052 135.157 55.6354 3.93243 2.94603 -7.51253 -6.97288 
1646681000000 3.09687 6.92508 -8.75802 50.886 -3.44271 136.303 73.3078 1.917 111.966 72.798 0.188891 104.198 115.05 2.07404 139.332 61.6005 4.64813 2.94603 -8.65784 -5.92301 
1646727000000 6.0395 9.44325 -7.3219 54.8014 -2.1126 140.214 77.5322 1.917 114.316 76.3094 0.304665 106.98 125.917 2.3295 142.115 65.8612 5.32693 2.94603 -9.23049 -5.74803 
1646761000000 11.5044 13.976 -4.71347 61.9796 -0.117424 145.429 79.222 1.917 119.016 77.4798 0.420439 109.762 129.539 2.58497 146.29 66.7134 6.00573 2.94603 -9.23049 -6.7979 
1646802000000 11.5044 15.9905 -3.65821 64.5899 0.991005 148.036 82.6015 1.917 120.191 79.8208 0.478326 112.544 136.784 2.71938 150.465 69.2699 6.36358 2.94603 -9.23049 -7.14786 
1646842000000 12.3451 17.5014 -2.86676 66.5476 1.65606 149.34 85.1362 1.917 121.366 82.1617 0.478326 112.544 140.407 2.73276 153.248 70.122 6.40048 2.94603 -9.23049 -7.14786 
1646851000000 13.1859 18.5087 -2.45617 67.2002 1.87775 149.34 85.9811 1.46509 122.541 82.1617 0.536213 113.935 142.218 2.8538 154.64 70.9742 6.72143 2.94603 -9.23049 -7.49781 
1646880000000 14.0266 20.0196 -2.01585 67.2002 1.87775 150.644 86.826 1.46509 122.541 83.3322 0.536213 113.935 144.029 2.8538 154.64 71.8263 6.72143 2.94603 -9.23049 -7.67279 
1646891000000 14.447 22.5378 -1.28199 67.2002 1.65606 150.644 88.5158 1.46509 123.716 84.5026 0.536213 115.326 147.652 2.8538 156.032 72.6785 6.72143 2.94603 -10.3758 -7.84777 
1646921000000 16.5489 26.0632 -0.605707 65.2425 1.65606 150.644 89.3606 1.46509 123.716 84.5026 0.536213 116.717 149.463 2.8538 157.424 73.5306 6.72143 2.94603 -8.65784 -8.02275 
1646962000000 19.0711 28.5814 0.0111137 64.5899 1.65606 150.644 90.2055 1.01319 123.716 85.6731 0.536213 116.717 151.274 2.8538 157.424 74.3828 6.72143 2.94603 -8.65784 -8.54768 
1647011000000 22.8545 30.596 0.598205 64.5899 2.32112 150.644 90.2055 1.01319 123.716 85.6731 0.536213 116.717 151.274 2.86718 158.815 74.3828 6.75833 2.94603 -8.65784 -9.07262 
1647057000000 24.9564 32.1069 1.03852 64.5899 2.32112 150.644 91.0504 0.787234 123.716 85.6731 0.536213 116.717 153.085 2.86718 158.815 74.3828 6.75833 2.94603 -8.65784 -9.42257 
1647095000000 25.7971 32.6105 1.1853 64.5899 2.32112 153.251 91.0504 0.787234 123.716 85.6731 0.536213 116.717 153.085 2.86718 158.815 74.3828 6.75833 2.94603 -8.65784 -9.42257 
1647132000000 26.6379 32.6105 1.1853 64.5899 2.09943 153.251 91.0504 0.787234 123.716 85.6731 0.536213 116.717 153.085 2.86718 158.815 74.3828 6.75833 2.94603 -8.65784 -9.59755 
1647172000000 27.899 33.1141 1.33207 64.5899 1.65606 151.947 92.7402 0.787234 124.891 85.6731 0.594099 116.717 153.085 3.0016 158.815 76.0871 7.11618 2.94603 -9.80315 -9.77253 
1647212000000 28.3194 33.6178 1.24475 63.2848 1.65606 151.947 92.7402 0.787234 124.891 88.014 0.594099 116.717 153.085 3.0016 158.815 76.0871 7.11618 2.94603 -8.65784 -9.94751 
1647253000000 28.3194 34.1214 1.27448 62.6322 1.65606 153.251 92.7402 0.787234 124.891 88.014 0.594099 118.108 153.085 3.0016 158.815 76.0871 7.11618 2.94603 -8.08518 -9.94751 
1647292000000 28.3194 34.625 1.30421 61.9796 1.65606 153.251 93.5851 0.787234 124.891 89.1845 0.594099 118.108 156.708 3.0016 158.815 76.0871 7.11618 2.94603 -9.23049 -9.94751 
1647334000000 28.3194 35.1287 1.45099 61.9796 1.65606 153.251 93.5851 0.787234 124.891 89.1845 0.594099 118.108 156.708 3.0016 158.815 76.0871 7.11618 2.94603 -8.65784 -9.94751 
1647378000000 28.3194 35.1287 1.33394 61.3271 1.65606 153.251 93.5851 0.787234 124.891 89.1845 0.651986 118.108 156.708 3.12264 160.207 76.0871 7.43713 2.94603 -10.3758 -9.94751 
1647413000000 28.7397 35.1287 1.33394 61.3271 1.43438 153.251 93.5851 0.787234 124.891 89.1845 0.651986 118.108 156.708 3.12264 160.207 76.0871 7.43713 2.94603 -8.65784 -10.2975 
1647453000000 28.7397 35.1287 1.33394 61.3271 1.43438 153.251 93.5851 0.787234 124.891 89.1845 0.651986 118.108 156.708 3.12264 160.207 76.0871 7.43713 2.94603 -8.65784 -10.1225 
1647490000000 28.7397 35.1287 1.33394 61.3271 1.43438 153.251 93.5851 0.787234 124.891 89.1845 0.651986 118.108 156.708 3.12264 160.207 76.0871 7.43713 2.94603 -8.65784 -9.77253 
1647530000000 28.7397 35.1287 1.33394 61.3271 1.43438 153.251 93.5851 0.787234 124.891 89.1845 0.651986 118.108 156.708 3.12264 160.207 76.0871 7.43713 2.94603 -8.65784 -9.24759 
1647573000000 28.7397 35.1287 1.33394 61.3271 1.43438 151.947 93.5851 0.787234 124.891 89.1845 0.651986 118.108 156.708 3.12264 160.207 76.0871 7.43713 2.94603 -8.65784 -9.07262 
1647614000000 28.7397 35.6323 1.48072 61.3271 1.43438 151.947 93.5851 0.787234 124.891 89.1845 0.651986 118.108 156.708 3.12264 160.207 76.0871 7.43713 2.94603 -8.65784 -8.72266 
1647629000000 28.7397 35.6323 1.48072 61.3271 1.43438 151.947 93.5851 0.787234 124.891 89.1845 0.594099 118.108 156.708 3.0016 160.207 76.0871 7.11618 2.94603 -8.65784 -8.54768 
1647657000000 28.3194 35.6323 1.36367 60.6745 1.21269 151.947 93.5851 0.787234 124.891 89.1845 0.594099 118.108 156.708 3.0016 160.207 76.0871 7.11618 2.94603 -9.23049 -8.19773 
1647673000000 28.3194 35.6323 1.36367 60.6745 1.21269 151.947 93.5851 0.787234 124.891 89.1845 0.594099 118.108 156.708 2.97485 160.207 76.0871 7.04238 2.94603 -7.51253 -8.19773 
1647705000000 28.3194 35.6323 1.36367 60.6745 1.21269 151.947 93.5851 0.787234 124.891 89.1845 0.594099 118.108 156.708 2.97485 160.207 76.0871 7.04238 2.94603 -7.51253 -8.19773 
1647745000000 28.3194 35.6323 1.36367 60.6745 1.21269 151.947 93.5851 0.787234 124.891 89.1845 0.594099 118.108 156.708 2.97485 160.207 76.0871 7.04238 2.94603 -7.51253 -8.19773 
1647784000000 28.3194 35.6323 1.36367 60.6745 1.21269 151.947 93.5851 0.787234 124.891 89.1845 0.594099 118.108 156.708 2.97485 160.207 76.0871 7.04238 2.94603 -7.51253 -8.19773 
1647825000000 28.3194 35.6323 1.36367 60.6745 1.21269 151.947 93.5851 0.787234 124.891 89.1845 0.594099 118.108 156.708 2.97485 160.207 76.9392 7.04238 2.94603 -7.51253 -8.19773 
1647865000000 28.3194 35.6323 1.36367 60.6745 1.21269 151.947 93.5851 0.787234 124.891 89.1845 0.594099 118.108 156.708 2.97485 158.815 76.9392 7.04238 2.94603 -7.51253 -7.84777 
1647905000000 28.3194 35.6323 1.36367 60.6745 1.21269 151.947 93.5851 0.787234 124.891 89.1845 0.594099 118.108 156.708 2.97485 158.815 76.9392 7.04238 2.94603 -7.51253 -8.02275 
1647921000000 28.3194 35.6323 1.36367 60.6745 1.21269 151.947 93.5851 0.787234 124.891 89.1845 0.594099 118.108 156.708 2.97485 158.815 76.9392 7.04238 2.94603 -7.51253 -7.84777 
1647952000000 28.3194 35.6323 1.24663 60.0219 1.21269 151.947 93.5851 0.787234 124.891 89.1845 0.594099 118.108 156.708 2.97485 158.815 76.9392 7.04238 2.94603 -7.51253 -7.84777 
1647967000000 28.3194 35.6323 1.24663 60.0219 1.21269 151.947 93.5851 0.787234 124.891 89.1845 0.594099 118.108 156.708 2.97485 158.815 76.9392 7.04238 2.94603 -7.51253 -7.84777 
1647995000000 28.3194 35.6323 1.24663 60.0219 1.21269 151.947 93.5851 0.787234 124.891 89.1845 0.594099 118.108 156.708 2.97485 158.815 76.9392 7.04238 2.94603 -7.51253 -7.84777 
1648036000000 28.3194 35.6323 1.24663 60.0219 0.991005 151.947 93.5851 0.787234 124.891 89.1845 0.594099 118.108 156.708 2.97485 158.815 76.9392 7.04238 2.94603 -7.51253 -7.84777 
1648076000000 28.3194 35.6323 1.24663 60.0219 0.991005 151.947 93.5851 0.787234 124.891 89.1845 0.594099 118.108 156.708 2.97485 158.815 76.9392 7.04238 2.94603 -7.51253 -7.84777 
1648118000000 28.3194 35.6323 1.24663 60.0219 0.991005 151.947 93.5851 0.787234 124.891 89.1845 0.594099 118.108 156.708 2.97485 158.815 76.9392 7.04238 2.94603 -7.51253 -7.84777 
1648158000000 28.3194 35.6323 1.24663 60.0219 0.991005 151.947 93.5851 0.787234 124.891 89.1845 0.594099 118.108 156.708 2.97485 158.815 76.9392 7.04238 2.94603 -7.51253 -7.84777 
1648193000000 28.3194 35.6323 1.24663 60.0219 0.991005 151.947 93.5851 0.787234 124.891 89.1845 0.594099 118.108 156.708 2.97485 158.815 76.9392 7.04238 2.94603 -7.51253 -7.84777 
1648234000000 28.3194 35.6323 1.36367 60.6745 0.991005 151.947 93.5851 0.787234 124.891 89.1845 0.594099 118.108 156.708 2.97485 158.815 76.9392 7.04238 2.94603 -7.51253 -7.84777 
1648273000000 28.3194 35.6323 1.36367 60.6745 0.991005 151.947 93.5851 0.787234 124.891 89.1845 0.594099 118.108 156.708 2.97485 158.815 76.9392 7.04238 2.94603 -7.51253 -7.84777 
1648291000000 28.3194 35.6323 1.36367 60.6745 0.991005 151.947 93.5851 0.787234 124.891 89.1845 0.594099 118.108 156.708 2.97485 158.815 76.9392 7.04238 2.94603 -7.51253 -8.19773 
1648320000000 28.3194 35.6323 1.36367 60.6745 0.991005 151.947 93.5851 0.787234 124.891 89.1845 0.594099 118.108 156.708 2.97485 158.815 76.9392 7.04238 2.94603 -7.51253 -8.02275 
1648338000000 28.3194 35.6323 1.36367 60.6745 0.991005 151.947 93.5851 0.787234 124.891 89.1845 0.594099 118.108 156.708 2.97485 158.815 76.9392 7.04238 2.94603 -7.51253 -8.02275 
1648364000000 28.3194 35.6323 1.36367 60.6745 0.991005 151.947 93.5851 0.787234 124.891 89.1845 0.594099 118.108 156.708 2.97485 158.815 76.9392 7.04238 2.94603 -7.51253 -8.02275 
1648405000000 28.3194 35.6323 1.36367 60.6745 0.991005 151.947 93.5851 0.787234 124.891 89.1845 0.594099 118.108 156.708 2.97485 158.815 77.7914 7.04238 2.94603 -7.51253 -8.02275 
1648447000000 28.3194 35.6323 1.36367 60.6745 0.991005 151.947 93.5851 0.787234 124.891 89.1845 0.594099 118.108 156.708 2.96147 158.815 77.7914 7.00547 2.94603 -7.51253 -8.02275 
1648487000000 28.3194 35.6323 1.36367 60.6745 0.991005 151.947 93.5851 0.787234 124.891 89.1845 0.594099 118.108 156.708 2.96147 158.815 77.7914 7.00547 2.94603 -7.51253 -8.02275 
1648527000000 28.3194 35.6323 1.36367 60.6745 0.991005 151.947 93.5851 0.787234 124.891 89.1845 0.594099 118.108 156.708 2.96147 158.815 77.7914 7.00547 2.94603 -7.51253 -8.02275 
1648547000000 28.3194 35.6323 1.36367 60.6745 0.991005 151.947 93.5851 0.787234 124.891 89.1845 0.536213 118.108 156.708 2.84043 158.815 77.7914 6.68452 2.94603 -7.51253 -8.02275 
1648565000000 28.3194 35.6323 1.36367 60.6745 0.991005 151.947 93.5851 0.787234 124.891 89.1845 0.536213 118.108 156.708 2.84043 158.815 77.7914 6.68452 2.94603 -7.51253 -8.02275 
1648584000000 28.3194 35.6323 1.36367 60.6745 0.991005 151.947 93.5851 0.787234 124.891 89.1845 0.536213 118.108 156.708 2.84043 158.815 77.7914 6.68452 2.94603 -7.51253 -8.02275 
1648633000000 28.3194 35.6323 1.36367 60.6745 0.991005 151.947 93.5851 0.787234 124.891 89.1845 0.536213 118.108 156.708 2.84043 158.815 77.7914 6.68452 2.94603 -7.51253 -8.02275 
1648668000000 28.3194 35.6323 1.36367 60.6745 0.991005 151.947 93.5851 0.787234 124.891 89.1845 0.536213 118.108 156.708 2.84043 158.815 77.7914 6.68452 2.94603 -7.51253 -8.02275 
1648706000000 28.3194 35.6323 1.36367 60.6745 0.991005 151.947 93.5851 0.787234 124.891 89.1845 0.536213 118.108 156.708 2.84043 158.815 77.7914 6.68452 2.94603 -7.51253 -8.02275 
1648748000000 28.3194 35.6323 1.36367 60.6745 0.991005 151.947 93.5851 0.787234 124.891 89.1845 0.536213 118.108 156.708 2.82705 158.815 77.7914 6.64762 2.94603 -7.51253 -8.19773 
1648785000000 28.3194 35.6323 1.36367 60.6745 0.991005 151.947 93.5851 0.787234 124.891 89.1845 0.536213 118.108 156.708 2.82705 158.815 77.7914 6.64762 2.94603 -7.51253 -8.19773 
1648827000000 28.3194 35.6323 1.36367 60.6745 0.991005 151.947 93.5851 0.561281 124.891 89.1845 0.536213 118.108 156.708 2.82705 158.815 77.7914 6.64762 2.94603 -7.51253 -8.19773 
1648847000000 28.3194 35.6323 1.36367 60.6745 0.991005 151.947 93.5851 0.561281 124.891 89.1845 0.536213 118.108 156.708 2.82705 158.815 77.7914 6.64762 2.94603 -7.51253 -8.19773 
1648868000000 28.3194 35.6323 1.36367 60.6745 0.991005 151.947 93.5851 0.561281 124.891 89.1845 0.536213 118.108 156.708 2.82705 158.815 77.7914 6.64762 2.94603 -7.51253 -8.19773 
1648888000000 28.3194 35.6323 1.36367 60.6745 0.991005 151.947 93.5851 0.561281 124.891 89.1845 0.536213 118.108 156.708 2.82705 158.815 77.7914 6.64762 2.94603 -8.08518 -8.19773 
1648929000000 28.3194 35.6323 1.36367 60.6745 0.991005 151.947 93.5851 0.561281 124.891 89.1845 0.536213 118.108 156.708 2.82705 158.815 77.7914 6.64762 2.94603 -6.93987 -8.19773 
1648969000000 28.3194 35.6323 1.36367 60.6745 0.991005 151.947 93.5851 0.561281 124.891 89.1845 0.536213 118.108 156.708 2.82705 158.815 77.7914 6.64762 2.94603 -6.93987 -8.19773 
1649016000000 28.3194 35.6323 1.36367 60.6745 0.991005 151.947 93.5851 0.561281 124.891 89.1845 0.536213 118.108 156.708 2.82705 158.815 77.7914 6.64762 2.94603 -6.93987 -8.19773 
1649049000000 28.3194 35.6323 1.36367 60.6745 0.991005 151.947 93.5851 0.561281 124.891 89.1845 0.536213 118.108 156.708 2.82705 158.815 77.7914 6.64762 2.94603 -6.93987 -8.19773 
1649090000000 28.3194 35.6323 1.36367 60.6745 0.991005 151.947 93.5851 0.561281 124.891 89.1845 0.536213 118.108 156.708 2.82705 158.815 77.7914 6.64762 2.94603 -6.93987 -8.19773 
1649129000000 28.3194 35.6323 1.36367 60.6745 0.991005 151.947 93.5851 0.561281 124.891 89.1845 0.536213 118.108 156.708 2.82705 158.815 77.7914 6.64762 2.94603 -6.93987 -8.19773 
1649169000000 28.3194 35.6323 1.36367 60.6745 0.991005 151.947 93.5851 0.561281 124.891 89.1845 0.536213 118.108 156.708 2.82705 158.815 77.7914 6.64762 2.94603 -6.93987 -8.19773 
1649209000000 28.3194 35.6323 1.36367 60.6745 0.991005 151.947 93.5851 0.561281 124.891 89.1845 0.536213 118.108 156.708 2.82705 158.815 77.7914 6.64762 2.94603 -6.93987 -8.19773 
1649232000000 28.3194 35.6323 1.36367 60.6745 0.991005 151.947 93.5851 0.561281 124.891 89.1845 0.536213 118.108 156.708 2.82705 158.815 77.7914 6.64762 2.94603 -6.93987 -8.19773 
1649256000000 28.3194 35.6323 1.36367 60.6745 0.991005 151.947 93.5851 0.561281 124.891 89.1845 0.536213 118.108 156.708 2.82705 158.815 77.7914 6.64762 2.94603 -6.93987 -8.19773 
1649279000000 28.3194 35.6323 1.36367 60.6745 0.991005 151.947 93.5851 0.561281 124.891 89.1845 0.536213 118.108 156.708 2.82705 158.815 77.7914 6.64762 2.94603 -6.93987 -8.19773 
1649303000000 28.3194 35.6323 1.36367 60.6745 0.991005 151.947 93.5851 0.561281 124.891 89.1845 0.536213 118.108 156.708 2.82705 158.815 77.7914 6.64762 2.94603 -6.93987 -8.19773 
1649341000000 28.3194 35.6323 1.36367 60.6745 0.991005 151.947 93.5851 0.561281 124.891 89.1845 0.536213 118.108 156.708 2.82705 158.815 77.7914 6.64762 2.94603 -6.93987 -8.19773 
1649382000000 28.3194 35.6323 1.36367 60.6745 0.991005 151.947 93.5851 0.561281 124.891 89.1845 0.536213 118.108 156.708 2.82705 158.815 77.7914 6.64762 2.94603 -6.93987 -8.19773 
1649420000000 28.3194 35.6323 1.36367 60.6745 0.991005 151.947 93.5851 0.561281 124.891 89.1845 0.536213 118.108 156.708 2.82705 158.815 77.7914 6.64762 2.94603 -6.93987 -8.19773 
1649459000000 28.3194 35.6323 1.36367 60.6745 0.991005 151.947 93.5851 0.561281 124.891 89.1845 0.536213 118.108 156.708 2.82705 158.815 77.7914 6.64762 2.94603 -6.93987 -8.19773 
1649500000000 28.3194 35.6323 1.36367 60.6745 0.991005 151.947 93.5851 0.561281 124.891 89.1845 0.536213 118.108 156.708 2.82705 158.815 77.7914 6.64762 2.94603 -6.93987 -8.19773 
1649524000000 28.3194 35.6323 1.36367 60.6745 0.991005 151.947 93.5851 0.561281 124.891 89.1845 0.536213 118.108 156.708 2.82705 158.815 77.7914 6.64762 2.94603 -6.93987 -8.19773 
1649549000000 28.3194 35.6323 1.36367 60.6745 0.991005 151.947 93.5851 0.561281 124.891 89.1845 0.536213 118.108 156.708 2.82705 158.815 77.7914 6.64762 2.94603 -6.93987 -8.19773 
1649573000000 28.3194 35.6323 1.36367 60.6745 0.991005 151.947 93.5851 0.561281 124.891 89.1845 0.536213 118.108 156.708 2.82705 158.815 77.7914 6.64762 2.94603 -6.93987 -8.19773 
1649599000000 28.3194 35.6323 1.36367 60.6745 0.991005 151.947 93.5851 0.561281 124.891 89.1845 0.536213 118.108 156.708 2.82705 158.815 77.7914 6.64762 2.94603 -6.93987 -8.19773 
1649643000000 28.3194 35.6323 1.36367 60.6745 0.991005 151.947 93.5851 0.561281 124.891 89.1845 0.536213 118.108 156.708 2.82705 158.815 77.7914 6.64762 2.94603 -6.93987 -8.19773 
1649686000000 28.3194 35.6323 1.36367 60.6745 0.991005 151.947 93.5851 0.561281 124.891 89.1845 0.536213 118.108 156.708 2.82705 158.815 77.7914 6.64762 2.94603 -6.93987 -8.19773 
1649722000000 28.3194 35.6323 1.36367 60.6745 0.991005 151.947 93.5851 0.561281 124.891 89.1845 0.536213 118.108 156.708 2.82705 158.815 77.7914 6.64762 2.94603 -6.93987 -8.19773 
1649765000000 28.3194 35.6323 1.36367 60.6745 0.991005 151.947 93.5851 0.561281 124.891 89.1845 0.536213 118.108 156.708 2.82705 158.815 77.7914 6.64762 2.94603 -6.93987 -8.19773 
1649809000000 28.3194 35.6323 1.36367 60.6745 0.991005 151.947 93.5851 0.561281 124.891 89.1845 0.536213 118.108 156.708 2.82705 158.815 77.7914 6.64762 2.94603 -6.93987 -8.19773 
1649837000000 28.3194 35.6323 1.36367 60.6745 0.991005 151.947 93.5851 0.561281 124.891 89.1845 0.536213 118.108 156.708 2.82705 158.815 77.7914 6.64762 2.94603 -6.93987 -8.54768 
1649867000000 28.3194 35.6323 1.36367 60.6745 0.991005 151.947 93.5851 0.561281 124.891 89.1845 0.536213 118.108 156.708 2.82705 158.815 77.7914 6.64762 2.94603 -6.93987 -8.3727 
1649895000000 28.3194 35.6323 1.36367 60.6745 0.991005 151.947 93.5851 0.561281 124.891 89.1845 0.536213 118.108 156.708 2.82705 158.815 77.7914 6.64762 2.94603 -6.93987 -8.3727 
1649925000000 28.3194 35.6323 1.36367 60.6745 0.991005 151.947 93.5851 0.561281 124.891 89.1845 0.536213 118.108 156.708 2.82705 158.815 77.7914 6.64762 2.94603 -6.93987 -8.3727 
1649955000000 28.3194 35.6323 1.36367 60.6745 0.769319 151.947 93.5851 0.561281 124.891 89.1845 0.536213 118.108 156.708 2.82705 158.815 77.7914 6.64762 2.94603 -6.93987 -8.3727 
1649993000000 28.3194 35.6323 1.36367 60.6745 0.769319 151.947 93.5851 0.561281 124.891 89.1845 0.536213 118.108 156.708 2.82705 158.815 77.7914 6.64762 2.94603 -6.93987 -8.3727 
1650033000000 28.3194 35.6323 1.36367 60.6745 0.769319 151.947 93.5851 0.561281 124.891 89.1845 0.536213 118.108 156.708 2.82705 158.815 77.7914 6.64762 2.94603 -6.93987 -8.3727 
1650079000000 28.3194 35.6323 1.36367 60.6745 0.769319 151.947 93.5851 0.561281 124.891 89.1845 0.536213 118.108 156.708 2.82705 158.815 77.7914 6.64762 2.94603 -6.93987 -8.3727 
1650107000000 28.3194 35.6323 1.36367 60.6745 0.769319 151.947 93.5851 0.561281 124.891 89.1845 0.536213 118.108 156.708 2.82705 158.815 77.7914 6.64762 2.94603 -6.93987 -8.3727 
1650136000000 28.3194 35.6323 1.36367 60.6745 0.769319 151.947 93.5851 0.561281 124.891 89.1845 0.536213 118.108 156.708 2.82705 158.815 77.7914 6.64762 2.94603 -6.93987 -8.3727 
1650165000000 28.3194 35.6323 1.36367 60.6745 0.769319 151.947 93.5851 0.561281 124.891 89.1845 0.536213 118.108 156.708 2.82705 158.815 77.7914 6.64762 2.94603 -6.93987 -8.3727 
1650194000000 28.3194 35.6323 1.36367 60.6745 0.769319 151.947 93.5851 0.561281 124.891 89.1845 0.536213 118.108 156.708 2.82705 158.815 77.7914 6.64762 2.94603 -6.93987 -8.3727 
1650223000000 28.3194 35.6323 1.36367 60.6745 0.769319 151.947 93.5851 0.561281 124.891 89.1845 0.536213 118.108 156.708 2.82705 158.815 77.7914 6.64762 2.94603 -6.93987 -8.3727 
1650252000000 28.3194 35.6323 1.36367 60.6745 0.769319 151.947 93.5851 0.561281 124.891 89.1845 0.536213 118.108 156.708 2.82705 158.815 77.7914 6.64762 2.94603 -6.93987 -8.3727 
1650296000000 28.3194 35.6323 1.36367 60.6745 0.769319 151.947 93.5851 0.561281 124.891 89.1845 0.536213 118.108 156.708 2.82705 158.815 77.7914 6.64762 2.94603 -6.93987 -8.3727 
1650334000000 28.3194 35.6323 1.36367 60.6745 0.769319 151.947 93.5851 0.561281 124.891 89.1845 0.536213 118.108 156.708 2.82705 158.815 77.7914 6.64762 2.94603 -6.93987 -8.19773 
1650377000000 28.3194 35.6323 1.36367 60.6745 0.769319 151.947 93.5851 0.561281 124.891 89.1845 0.536213 118.108 156.708 2.82705 158.815 77.7914 6.64762 2.94603 -6.93987 -8.19773 
1650412000000 28.3194 35.6323 1.36367 60.6745 0.769319 151.947 93.5851 0.561281 124.891 89.1845 0.536213 118.108 156.708 2.82705 158.815 77.7914 6.64762 2.94603 -6.93987 -8.19773 
1650445000000 28.3194 35.6323 1.36367 60.6745 0.769319 151.947 93.5851 0.561281 124.891 89.1845 0.536213 118.108 156.708 2.82705 158.815 77.7914 6.64762 2.94603 -6.93987 -8.19773 
1650481000000 28.3194 35.6323 1.36367 60.6745 0.769319 151.947 93.5851 0.561281 124.891 89.1845 0.536213 118.108 156.708 2.82705 158.815 77.7914 6.64762 2.94603 -6.93987 -8.19773 
1650517000000 28.3194 35.6323 1.36367 60.6745 0.769319 151.947 93.5851 0.561281 124.891 89.1845 0.536213 118.108 156.708 2.82705 158.815 77.7914 6.64762 2.94603 -6.93987 -8.19773 
1650554000000 28.3194 35.6323 1.36367 60.6745 0.769319 151.947 93.5851 0.561281 124.891 89.1845 0.536213 118.108 156.708 2.82705 158.815 77.7914 6.64762 2.94603 -6.93987 -8.19773 
1650590000000 28.3194 35.6323 1.36367 60.6745 0.769319 151.947 93.5851 0.561281 124.891 89.1845 0.536213 118.108 156.708 2.82705 158.815 77.7914 6.64762 2.94603 -6.93987 -8.19773 
1650624000000 28.3194 35.6323 1.36367 60.6745 0.769319 151.947 93.5851 0.561281 124.891 89.1845 0.536213 118.108 156.708 2.82705 158.815 77.7914 6.64762 2.94603 -6.93987 -8.19773 
1650659000000 28.3194 35.1287 1.2169 60.6745 0.769319 151.947 93.5851 0.561281 124.891 89.1845 0.536213 118.108 156.708 2.82705 158.815 77.7914 6.64762 2.94603 -6.93987 -8.19773 
1650697000000 27.899 35.1287 1.2169 60.6745 0.769319 151.947 93.5851 0.561281 124.891 89.1845 0.536213 118.108 156.708 2.82705 158.815 77.7914 6.64762 2.94603 -6.93987 -8.19773 
1650732000000 27.899 35.1287 1.2169 60.6745 0.769319 151.947 93.5851 0.561281 124.891 89.1845 0.536213 118.108 156.708 2.82705 158.815 77.7914 6.64762 2.94603 -6.93987 -8.19773 
1650768000000 27.899 35.1287 1.2169 60.6745 0.769319 151.947 93.5851 0.561281 124.891 89.1845 0.536213 118.108 156.708 2.82705 158.815 77.7914 6.64762 2.94603 -6.93987 -8.19773 
1650806000000 27.899 35.1287 1.2169 60.6745 0.769319 151.947 93.5851 0.561281 124.891 89.1845 0.536213 118.108 156.708 2.82705 158.815 77.7914 6.64762 2.94603 -6.93987 -8.19773 
1650840000000 27.899 35.1287 1.2169 60.6745 0.769319 151.947 93.5851 0.561281 124.891 89.1845 0.536213 118.108 156.708 2.82705 158.815 77.7914 6.64762 2.94603 -6.93987 -8.19773 
1650875000000 27.899 35.1287 1.2169 60.6745 0.769319 151.947 93.5851 0.561281 124.891 89.1845 0.536213 118.108 156.708 2.82705 158.815 77.7914 6.64762 2.94603 -6.93987 -8.19773 
1650912000000 27.899 35.1287 1.2169 60.6745 0.769319 151.947 93.5851 0.561281 124.891 89.1845 0.536213 118.108 156.708 2.82705 158.815 77.7914 6.64762 2.94603 -6.93987 -8.19773 
1650951000000 27.899 35.1287 1.2169 60.6745 0.769319 151.947 93.5851 0.561281 124.891 89.1845 0.536213 118.108 156.708 2.82705 158.815 77.7914 6.64762 2.94603 -6.93987 -8.19773 
1650991000000 27.899 35.1287 1.2169 60.6745 0.769319 151.947 93.5851 0.561281 124.891 89.1845 0.536213 118.108 156.708 2.82705 158.815 77.7914 6.64762 2.94603 -6.93987 -8.19773 
1651034000000 27.899 35.1287 1.2169 60.6745 0.769319 151.947 93.5851 0.561281 124.891 89.1845 0.536213 118.108 156.708 2.82705 158.815 77.7914 6.64762 2.94603 -6.93987 -8.19773 
1651073000000 27.899 35.1287 1.2169 60.6745 0.769319 151.947 93.5851 0.561281 124.891 89.1845 0.536213 118.108 156.708 2.82705 158.815 77.7914 6.64762 2.94603 -6.93987 -8.19773 
1651110000000 27.899 35.1287 1.2169 60.6745 0.769319 151.947 93.5851 0.561281 124.891 89.1845 0.536213 118.108 156.708 2.82705 158.815 77.7914 6.64762 2.94603 -6.93987 -8.19773 
1651149000000 27.899 35.1287 1.2169 60.6745 0.769319 151.947 93.5851 0.561281 124.891 89.1845 0.536213 118.108 156.708 2.82705 158.815 77.7914 6.64762 2.94603 -6.93987 -8.19773 
1651190000000 27.899 35.1287 1.2169 60.6745 0.769319 151.947 93.5851 0.561281 124.891 89.1845 0.536213 118.108 156.708 2.82705 158.815 77.7914 6.64762 2.94603 -6.93987 -8.19773 
1651232000000 27.899 35.1287 1.2169 60.6745 0.769319 151.947 93.5851 0.561281 124.891 89.1845 0.536213 118.108 156.708 2.82705 158.815 77.7914 6.64762 2.94603 -6.93987 -8.19773 
1651271000000 27.899 35.1287 1.2169 60.6745 0.769319 151.947 93.5851 0.561281 124.891 89.1845 0.536213 118.108 156.708 2.82705 158.815 77.7914 6.64762 2.94603 -6.93987 -8.19773 
1651311000000 27.899 35.1287 1.2169 60.6745 0.769319 151.947 93.5851 0.561281 124.891 89.1845 0.536213 118.108 156.708 2.82705 158.815 77.7914 6.64762 2.94603 -6.93987 -8.19773 
1651352000000 27.899 35.1287 1.2169 60.6745 0.769319 151.947 93.5851 0.561281 124.891 89.1845 0.536213 118.108 156.708 2.82705 158.815 77.7914 6.64762 2.94603 -6.93987 -8.19773 
1651391000000 27.899 35.1287 1.2169 60.6745 0.769319 151.947 93.5851 0.561281 124.891 89.1845 0.536213 118.108 156.708 2.82705 158.815 77.7914 6.64762 2.94603 -6.36722 -8.19773 
1651431000000 27.899 35.1287 1.2169 60.6745 0.769319 151.947 93.5851 0.561281 124.891 89.1845 0.536213 118.108 156.708 2.82705 158.815 77.7914 6.64762 2.94603 -6.36722 -8.19773 
1651469000000 27.899 35.1287 1.2169 60.6745 0.769319 151.947 93.5851 0.561281 124.891 89.1845 0.536213 118.108 156.708 2.82705 158.815 77.7914 6.64762 2.94603 -6.36722 -8.19773 
1651508000000 27.899 35.1287 1.2169 60.6745 0.769319 151.947 93.5851 0.561281 124.891 89.1845 0.536213 118.108 156.708 2.82705 158.815 77.7914 6.64762 2.94603 -6.36722 -8.19773 
1651548000000 27.899 35.1287 1.2169 60.6745 0.769319 151.947 93.5851 0.561281 124.891 89.1845 0.536213 118.108 156.708 2.82705 158.815 77.7914 6.64762 2.94603 -6.36722 -8.19773 
1651587000000 27.899 35.1287 1.2169 60.6745 0.769319 151.947 93.5851 0.561281 124.891 89.1845 0.536213 118.108 156.708 2.82705 158.815 77.7914 6.64762 2.94603 -6.36722 -8.19773 
1651626000000 27.899 35.1287 1.2169 60.6745 0.769319 151.947 93.5851 0.561281 124.891 89.1845 0.536213 118.108 156.708 2.82705 158.815 77.7914 6.64762 2.94603 -6.36722 -8.19773 
1651667000000 27.899 35.1287 1.2169 60.6745 0.769319 151.947 93.5851 0.561281 124.891 89.1845 0.536213 118.108 156.708 2.82705 158.815 77.7914 6.64762 2.94603 -6.36722 -8.19773 
1651711000000 27.899 35.1287 1.33394 61.3271 0.769319 151.947 93.5851 0.561281 124.891 89.1845 0.536213 118.108 156.708 2.82705 158.815 77.7914 6.64762 2.94603 -6.36722 -8.19773 
1651755000000 27.899 35.1287 1.33394 61.3271 0.769319 151.947 93.5851 0.561281 124.891 89.1845 0.536213 118.108 156.708 2.82705 158.815 77.7914 6.64762 2.94603 -8.08518 -8.3727 
1651800000000 27.899 35.1287 1.33394 61.3271 0.769319 151.947 93.5851 0.561281 124.891 89.1845 0.536213 118.108 156.708 2.82705 158.815 77.7914 6.64762 2.94603 -6.93987 -8.3727 
1651846000000 27.899 35.1287 1.33394 61.3271 0.769319 151.947 93.5851 0.561281 124.891 89.1845 0.536213 118.108 156.708 2.82705 158.815 77.7914 6.64762 2.94603 -6.93987 -8.3727 
1651889000000 27.899 35.1287 1.33394 61.3271 0.769319 151.947 93.5851 0.561281 124.891 89.1845 0.536213 118.108 156.708 2.82705 158.815 77.7914 6.64762 2.94603 -6.93987 -8.3727 
1651929000000 27.899 35.1287 1.33394 61.3271 0.769319 151.947 93.5851 0.561281 124.891 89.1845 0.536213 118.108 156.708 2.82705 158.815 77.7914 6.64762 2.94603 -6.93987 -8.3727 
1651973000000 27.899 35.1287 1.33394 61.3271 0.769319 151.947 93.5851 0.561281 124.891 89.1845 0.536213 118.108 156.708 2.82705 158.815 77.7914 6.64762 2.94603 -6.93987 -8.3727 
1652017000000 27.899 35.1287 1.33394 61.3271 0.769319 151.947 93.5851 0.561281 124.891 89.1845 0.536213 118.108 156.708 2.82705 158.815 77.7914 6.64762 2.94603 -6.93987 -8.19773 
1652064000000 27.899 35.1287 1.33394 61.3271 0.769319 151.947 93.5851 0.561281 124.891 89.1845 0.536213 118.108 156.708 2.82705 158.815 77.7914 6.64762 2.94603 -6.93987 -8.19773 
1652107000000 27.899 35.1287 1.33394 61.3271 0.769319 151.947 93.5851 0.561281 124.891 89.1845 0.536213 118.108 156.708 2.82705 158.815 77.7914 6.64762 2.94603 -6.93987 -8.19773 
1652149000000 27.899 35.1287 1.33394 61.3271 0.769319 151.947 93.5851 0.561281 124.891 89.1845 0.536213 118.108 156.708 2.82705 158.815 77.7914 6.64762 2.94603 -6.93987 -8.19773 
1652190000000 27.899 35.1287 1.33394 61.3271 0.769319 151.947 93.5851 0.561281 124.891 89.1845 0.536213 118.108 156.708 2.82705 158.815 77.7914 6.64762 2.94603 -6.93987 -8.19773 
1652232000000 27.899 35.1287 1.33394 61.3271 0.769319 151.947 93.5851 0.561281 124.891 89.1845 0.536213 118.108 156.708 2.82705 158.815 77.7914 6.64762 2.94603 -6.93987 -8.19773 
1652275000000 27.899 35.1287 1.33394 61.3271 0.991005 151.947 93.5851 0.561281 124.891 89.1845 0.536213 118.108 156.708 2.82705 158.815 77.7914 6.64762 2.94603 -6.93987 -8.19773 
1652314000000 27.899 35.1287 1.33394 61.3271 0.991005 151.947 93.5851 0.561281 124.891 89.1845 0.536213 118.108 156.708 2.82705 158.815 77.7914 6.64762 2.94603 -6.93987 -8.19773 
1652352000000 27.899 35.1287 1.33394 61.3271 0.991005 151.947 93.5851 0.561281 124.891 89.1845 0.536213 118.108 156.708 2.82705 158.815 77.7914 6.64762 2.94603 -6.93987 -8.19773 
1652391000000 27.899 35.1287 1.33394 61.3271 0.991005 151.947 93.5851 0.561281 124.891 89.1845 0.536213 118.108 156.708 2.82705 158.815 77.7914 6.64762 2.94603 -6.93987 -8.3727 
1652431000000 27.899 35.1287 1.33394 61.3271 0.991005 151.947 93.5851 0.561281 124.891 89.1845 0.536213 118.108 156.708 2.82705 158.815 77.7914 6.64762 2.94603 -6.93987 -8.3727 
1652471000000 27.899 35.1287 1.33394 61.3271 0.991005 151.947 93.5851 0.561281 124.891 89.1845 0.478326 118.108 156.708 2.70601 158.815 77.7914 6.32667 2.94603 -6.93987 -8.3727 
1652512000000 27.899 35.1287 1.33394 61.3271 0.991005 151.947 93.5851 0.561281 124.891 89.1845 0.478326 118.108 156.708 2.70601 158.815 78.6435 6.32667 2.94603 -6.93987 -8.3727 
1652553000000 27.899 35.1287 1.33394 61.3271 0.991005 151.947 93.5851 0.561281 124.891 89.1845 0.478326 118.108 156.708 2.70601 158.815 78.6435 6.32667 2.94603 -6.93987 -8.3727 
1652595000000 27.899 35.1287 1.33394 61.3271 0.991005 151.947 93.5851 0.561281 124.891 89.1845 0.478326 118.108 156.708 2.70601 158.815 78.6435 6.32667 2.94603 -6.93987 -8.3727 
1652635000000 27.899 35.1287 1.33394 61.3271 0.991005 151.947 93.5851 0.561281 124.891 89.1845 0.478326 118.108 156.708 2.70601 158.815 78.6435 6.32667 2.94603 -6.93987 -8.3727 
1652676000000 27.899 35.1287 1.33394 61.3271 0.991005 151.947 93.5851 0.561281 124.891 89.1845 0.478326 118.108 156.708 2.70601 158.815 78.6435 6.32667 2.94603 -6.93987 -8.3727 
1652727000000 27.899 35.1287 1.33394 61.3271 0.991005 151.947 93.5851 0.561281 124.891 89.1845 0.478326 118.108 156.708 2.70601 158.815 78.6435 6.32667 2.94603 -6.93987 -8.3727 
1652767000000 27.899 35.1287 1.33394 61.3271 0.991005 151.947 93.5851 0.561281 124.891 89.1845 0.478326 118.108 156.708 2.70601 158.815 78.6435 6.32667 2.94603 -6.93987 -8.3727 
1652809000000 27.899 35.1287 1.33394 61.3271 0.991005 151.947 93.5851 0.561281 124.891 89.1845 0.478326 118.108 156.708 2.70601 158.815 78.6435 6.32667 2.94603 -6.93987 -8.3727 
1652850000000 27.899 35.1287 1.33394 61.3271 0.991005 151.947 93.5851 0.561281 124.891 89.1845 0.478326 118.108 156.708 2.70601 158.815 78.6435 6.32667 2.94603 -6.93987 -8.3727 
1652893000000 27.899 35.1287 1.33394 61.3271 0.991005 151.947 93.5851 0.561281 124.891 89.1845 0.478326 118.108 156.708 2.70601 158.815 78.6435 6.32667 2.94603 -6.93987 -8.3727 
1652934000000 27.899 35.1287 1.33394 61.3271 0.991005 151.947 93.5851 0.561281 124.891 89.1845 0.478326 118.108 156.708 2.70601 158.815 78.6435 6.32667 2.94603 -6.93987 -8.3727 
1652975000000 27.899 35.1287 1.33394 61.3271 0.991005 151.947 93.5851 0.561281 124.891 89.1845 0.478326 118.108 156.708 2.70601 158.815 78.6435 6.32667 2.94603 -6.93987 -8.3727 
1653017000000 27.899 35.1287 1.33394 61.3271 0.991005 151.947 93.5851 0.561281 124.891 89.1845 0.478326 118.108 156.708 2.70601 158.815 78.6435 6.32667 2.94603 -6.93987 -8.3727 
1653059000000 27.899 35.1287 1.33394 61.3271 0.991005 151.947 93.5851 0.561281 124.891 89.1845 0.478326 118.108 156.708 2.70601 158.815 78.6435 6.32667 2.94603 -6.93987 -8.3727 
1653099000000 27.899 35.1287 1.33394 61.3271 0.991005 151.947 93.5851 0.561281 124.891 89.1845 0.478326 118.108 156.708 2.70601 158.815 78.6435 6.32667 2.94603 -6.93987 -8.3727 
1653143000000 27.899 35.1287 1.33394 61.3271 0.991005 151.947 93.5851 0.561281 124.891 89.1845 0.478326 118.108 156.708 2.70601 158.815 78.6435 6.32667 2.94603 -6.93987 -8.3727 
1653186000000 27.899 35.1287 1.33394 61.3271 0.991005 151.947 93.5851 0.561281 124.891 89.1845 0.478326 118.108 156.708 2.70601 158.815 78.6435 6.32667 2.94603 -6.93987 -8.3727 
1653228000000 27.899 35.1287 1.33394 61.3271 0.991005 151.947 93.5851 0.561281 124.891 89.1845 0.478326 118.108 156.708 2.70601 158.815 78.6435 6.32667 2.94603 -6.93987 -8.3727 
1653271000000 27.899 35.1287 1.33394 61.3271 0.991005 151.947 93.5851 0.561281 124.891 89.1845 0.478326 118.108 156.708 2.70601 158.815 78.6435 6.32667 2.94603 -6.36722 -8.3727 
1653316000000 27.899 35.1287 1.33394 61.3271 0.991005 151.947 93.5851 0.561281 124.891 89.1845 0.478326 118.108 156.708 2.70601 158.815 78.6435 6.32667 2.94603 -6.36722 -8.3727 
1653360000000 27.899 35.1287 1.33394 61.3271 0.991005 151.947 93.5851 0.561281 124.891 89.1845 0.478326 118.108 156.708 2.70601 158.815 78.6435 6.32667 2.94603 -6.36722 -8.3727 
1653403000000 27.899 35.1287 1.33394 61.3271 0.991005 151.947 93.5851 0.561281 124.891 89.1845 0.478326 118.108 156.708 2.70601 158.815 78.6435 6.32667 2.94603 -6.36722 -8.3727 
1653447000000 27.899 35.1287 1.33394 61.3271 0.991005 151.947 93.5851 0.561281 124.891 89.1845 0.478326 118.108 156.708 2.70601 158.815 78.6435 6.32667 2.94603 -6.36722 -8.3727 
1653491000000 27.899 35.1287 1.33394 61.3271 0.991005 151.947 93.5851 0.561281 124.891 89.1845 0.478326 118.108 156.708 2.70601 158.815 78.6435 6.32667 2.94603 -6.36722 -8.3727 
1653535000000 27.899 35.1287 1.33394 61.3271 0.991005 151.947 93.5851 0.561281 124.891 89.1845 0.478326 118.108 156.708 2.70601 158.815 78.6435 6.32667 2.94603 -6.36722 -8.3727 
1653579000000 27.899 35.1287 1.33394 61.3271 0.991005 151.947 93.5851 0.561281 124.891 89.1845 0.478326 118.108 156.708 2.70601 158.815 78.6435 6.32667 2.94603 -6.36722 -8.3727 
1653624000000 27.899 35.1287 1.33394 61.3271 0.991005 151.947 93.5851 0.561281 124.891 89.1845 0.478326 118.108 156.708 2.70601 158.815 78.6435 6.32667 2.94603 -6.36722 -8.3727 
1653670000000 27.899 35.1287 1.33394 61.3271 0.991005 151.947 93.5851 0.561281 124.891 89.1845 0.478326 118.108 156.708 2.70601 158.815 78.6435 6.32667 2.94603 -6.36722 -8.3727 
1653716000000 27.899 35.1287 1.33394 61.3271 0.991005 151.947 93.5851 0.561281 124.891 89.1845 0.478326 118.108 156.708 2.70601 158.815 78.6435 6.32667 2.94603 -8.08518 -8.3727 
1653762000000 27.899 35.1287 1.33394 61.3271 0.991005 151.947 93.5851 0.561281 124.891 89.1845 0.478326 118.108 156.708 2.70601 158.815 78.6435 6.32667 2.94603 -6.36722 -8.3727 
1653809000000 27.899 35.1287 1.33394 61.3271 0.991005 151.947 93.5851 0.561281 124.891 89.1845 0.478326 118.108 156.708 2.70601 158.815 78.6435 6.32667 2.94603 -6.36722 -8.3727 
1653856000000 27.899 35.1287 1.33394 61.3271 0.991005 151.947 93.5851 0.561281 124.891 89.1845 0.478326 118.108 158.519 2.70601 158.815 78.6435 6.32667 2.94603 -6.36722 -8.3727 
1653902000000 27.899 35.1287 1.33394 61.3271 0.991005 151.947 93.5851 0.561281 124.891 89.1845 0.478326 118.108 158.519 2.70601 158.815 78.6435 6.32667 2.94603 -6.36722 -8.3727 
1653948000000 27.899 35.1287 1.33394 61.3271 0.991005 151.947 93.5851 0.561281 124.891 89.1845 0.478326 118.108 158.519 2.70601 158.815 78.6435 6.32667 2.94603 -6.36722 -8.3727 
1653994000000 27.899 35.1287 1.33394 61.3271 0.991005 151.947 93.5851 0.561281 124.891 89.1845 0.478326 118.108 158.519 2.70601 158.815 78.6435 6.32667 2.94603 -6.36722 -8.3727 
1654040000000 27.899 35.1287 1.33394 61.3271 0.991005 151.947 93.5851 0.561281 124.891 89.1845 0.478326 118.108 158.519 2.70601 158.815 78.6435 6.32667 2.94603 -6.36722 -8.3727 
1654086000000 27.899 35.1287 1.33394 61.3271 0.991005 151.947 93.5851 0.561281 124.891 89.1845 0.478326 118.108 158.519 2.70601 158.815 78.6435 6.32667 2.94603 -6.36722 -8.3727 
1654133000000 27.899 35.1287 1.33394 61.3271 0.991005 151.947 93.5851 0.561281 124.891 89.1845 0.478326 118.108 158.519 2.70601 158.815 78.6435 6.32667 2.94603 -6.36722 -8.3727 
1654181000000 27.899 35.1287 1.33394 61.3271 0.991005 151.947 93.5851 0.561281 124.891 89.1845 0.478326 118.108 158.519 2.70601 158.815 78.6435 6.32667 2.94603 -6.36722 -8.3727 
1654229000000 27.899 35.1287 1.33394 61.3271 0.991005 151.947 93.5851 0.561281 124.891 89.1845 0.478326 118.108 158.519 2.70601 158.815 78.6435 6.32667 2.94603 -6.36722 -8.3727 
1654277000000 27.899 35.1287 1.33394 61.3271 0.991005 151.947 93.5851 0.561281 124.891 89.1845 0.478326 118.108 158.519 2.70601 158.815 78.6435 6.32667 2.94603 -6.36722 -8.3727 
1654326000000 27.899 35.1287 1.33394 61.3271 0.991005 151.947 93.5851 0.561281 124.891 89.1845 0.478326 118.108 158.519 2.70601 158.815 78.6435 6.32667 2.94603 -6.36722 -8.3727 
1654375000000 27.899 35.1287 1.33394 61.3271 0.991005 151.947 93.5851 0.561281 124.891 89.1845 0.478326 118.108 158.519 2.70601 158.815 78.6435 6.32667 2.94603 -6.36722 -8.3727 
1654423000000 27.899 35.1287 1.33394 61.3271 0.991005 151.947 93.5851 0.561281 124.891 89.1845 0.478326 118.108 158.519 2.70601 158.815 78.6435 6.32667 2.94603 -6.36722 -8.3727 
1654471000000 27.899 35.1287 1.33394 61.3271 0.991005 151.947 93.5851 0.561281 124.891 89.1845 0.478326 118.108 158.519 2.70601 158.815 78.6435 6.32667 2.94603 -6.36722 -8.3727 
1654519000000 27.899 35.1287 1.33394 61.3271 0.991005 151.947 93.5851 0.561281 124.891 89.1845 0.478326 118.108 158.519 2.70601 158.815 78.6435 6.32667 2.94603 -6.36722 -8.3727 
1654568000000 27.899 35.1287 1.33394 61.3271 0.991005 151.947 93.5851 0.561281 124.891 89.1845 0.478326 118.108 158.519 2.70601 158.815 78.6435 6.32667 2.94603 -6.36722 -8.3727 
1654617000000 27.899 35.1287 1.33394 61.3271 0.991005 151.947 93.5851 0.561281 124.891 89.1845 0.478326 118.108 158.519 2.70601 158.815 78.6435 6.32667 2.94603 -6.36722 -8.3727 
1654667000000 27.899 35.1287 1.33394 61.3271 0.991005 151.947 93.5851 0.561281 124.891 89.1845 0.478326 118.108 158.519 2.70601 158.815 78.6435 6.32667 2.94603 -6.36722 -8.3727 
1654717000000 27.899 35.1287 1.33394 61.3271 0.991005 151.947 93.5851 0.561281 124.891 89.1845 0.478326 118.108 158.519 2.70601 158.815 78.6435 6.32667 2.94603 -6.36722 -8.3727 
1654768000000 27.899 35.1287 1.33394 61.3271 0.991005 151.947 93.5851 0.561281 124.891 89.1845 0.478326 118.108 158.519 2.70601 158.815 78.6435 6.32667 2.94603 -6.36722 -8.3727 
1654819000000 27.899 35.1287 1.33394 61.3271 0.991005 151.947 93.5851 0.561281 124.891 89.1845 0.478326 118.108 158.519 2.70601 158.815 78.6435 6.32667 2.94603 -6.36722 -8.3727 
1654870000000 27.899 35.1287 1.33394 61.3271 0.991005 151.947 93.5851 0.561281 124.891 89.1845 0.478326 118.108 158.519 2.70601 158.815 78.6435 6.32667 2.94603 -6.36722 -8.3727 
1654922000000 27.899 35.1287 1.33394 61.3271 0.991005 151.947 93.5851 0.561281 124.891 89.1845 0.478326 118.108 158.519 2.70601 158.815 78.6435 6.32667 2.94603 -6.36722 -8.3727 
1654972000000 27.899 35.1287 1.33394 61.3271 0.991005 151.947 93.5851 0.561281 124.891 89.1845 0.478326 118.108 158.519 2.70601 158.815 78.6435 6.32667 2.94603 -6.36722 -8.3727 
1655023000000 27.899 35.1287 1.33394 61.3271 0.991005 151.947 93.5851 0.561281 124.891 89.1845 0.478326 118.108 158.519 2.70601 158.815 78.6435 6.32667 2.94603 -6.36722 -8.3727 
1655074000000 27.899 35.1287 1.33394 61.3271 0.991005 151.947 93.5851 0.561281 124.891 89.1845 0.478326 118.108 158.519 2.70601 158.815 78.6435 6.32667 2.94603 -6.36722 -8.3727 
1655124000000 27.899 35.1287 1.33394 61.3271 0.991005 151.947 93.5851 0.561281 124.891 89.1845 0.478326 118.108 158.519 2.70601 158.815 78.6435 6.32667 2.94603 -6.36722 -8.3727 
1655176000000 27.899 35.1287 1.33394 61.3271 0.991005 151.947 93.5851 0.561281 124.891 89.1845 0.478326 118.108 158.519 2.70601 158.815 78.6435 6.32667 2.94603 -6.36722 -8.3727 
1655229000000 27.899 35.1287 1.33394 61.3271 0.991005 151.947 93.5851 0.561281 124.891 89.1845 0.478326 118.108 158.519 2.70601 158.815 78.6435 6.32667 2.94603 -6.36722 -8.3727 
1655282000000 27.899 35.1287 1.33394 61.3271 0.991005 151.947 93.5851 0.561281 124.891 89.1845 0.478326 118.108 158.519 2.70601 158.815 78.6435 6.32667 2.94603 -6.36722 -8.3727 
1655335000000 27.899 35.1287 1.33394 61.3271 0.991005 151.947 93.5851 0.561281 124.891 89.1845 0.478326 118.108 158.519 2.70601 158.815 78.6435 6.32667 2.94603 -6.36722 -8.3727 
1655389000000 27.899 35.1287 1.33394 61.3271 0.991005 151.947 93.5851 0.561281 124.891 89.1845 0.478326 118.108 158.519 2.70601 158.815 78.6435 6.32667 2.94603 -6.36722 -8.3727 
1655442000000 27.899 35.1287 1.33394 61.3271 0.991005 151.947 93.5851 0.561281 124.891 89.1845 0.478326 118.108 158.519 2.70601 158.815 78.6435 6.32667 2.94603 -6.36722 -8.3727 
1655495000000 27.899 35.1287 1.33394 61.3271 0.991005 151.947 93.5851 0.561281 124.891 89.1845 0.478326 118.108 158.519 2.70601 158.815 78.6435 6.32667 2.94603 -6.36722 -8.3727 
1655547000000 27.899 35.1287 1.33394 61.3271 0.991005 151.947 93.5851 0.561281 124.891 89.1845 0.478326 118.108 158.519 2.70601 158.815 78.6435 6.32667 2.94603 -6.36722 -8.3727 
1655600000000 27.899 35.1287 1.33394 61.3271 0.991005 151.947 93.5851 0.561281 124.891 89.1845 0.478326 118.108 158.519 2.70601 158.815 78.6435 6.32667 2.94603 -6.36722 -8.3727 
1655652000000 27.899 35.1287 1.33394 61.3271 0.991005 151.947 93.5851 0.561281 124.891 89.1845 0.478326 118.108 156.708 2.70601 158.815 78.6435 6.32667 2.94603 -6.36722 -8.19773 
1655705000000 27.899 35.1287 1.33394 61.3271 0.991005 151.947 93.5851 0.561281 124.891 89.1845 0.478326 118.108 156.708 2.70601 158.815 78.6435 6.32667 2.94603 -6.36722 -8.19773 
1655758000000 27.899 34.625 1.18717 61.3271 0.991005 151.947 93.5851 0.561281 124.891 89.1845 0.478326 118.108 156.708 2.70601 158.815 78.6435 6.32667 2.94603 -6.36722 -8.19773 
1655811000000 27.899 34.625 1.18717 61.3271 0.991005 151.947 93.5851 0.561281 124.891 89.1845 0.478326 118.108 156.708 2.70601 158.815 78.6435 6.32667 2.94603 -6.36722 -8.19773 
1655864000000 27.899 34.625 1.18717 61.3271 0.991005 151.947 93.5851 0.561281 124.891 89.1845 0.478326 118.108 156.708 2.70601 158.815 78.6435 6.32667 2.94603 -6.36722 -8.19773 
1655925000000 27.899 34.625 1.18717 61.3271 0.991005 151.947 93.5851 0.561281 124.891 89.1845 0.478326 118.108 156.708 2.70601 158.815 78.6435 6.32667 2.94603 -6.36722 -8.19773 
1655983000000 27.899 34.625 1.18717 61.3271 0.991005 151.947 93.5851 0.561281 124.891 89.1845 0.478326 118.108 156.708 2.70601 158.815 78.6435 6.32667 2.94603 -6.36722 -8.19773 
1656038000000 27.899 34.625 1.18717 61.3271 0.991005 151.947 93.5851 0.561281 124.891 89.1845 0.478326 118.108 156.708 2.70601 158.815 78.6435 6.32667 2.94603 -6.36722 -8.19773 
1656094000000 27.899 34.625 1.18717 61.3271 0.991005 151.947 93.5851 0.561281 124.891 89.1845 0.478326 118.108 156.708 2.70601 158.815 78.6435 6.32667 2.94603 -6.36722 -8.19773 
1656149000000 27.899 34.625 1.18717 61.3271 0.991005 151.947 93.5851 0.561281 124.891 89.1845 0.478326 118.108 156.708 2.70601 158.815 78.6435 6.32667 2.94603 -6.36722 -8.19773 
1656205000000 27.899 34.625 1.18717 61.3271 0.991005 151.947 93.5851 0.561281 124.891 89.1845 0.478326 118.108 156.708 2.70601 158.815 78.6435 6.32667 2.94603 -6.36722 -8.19773 
1656264000000 27.899 34.625 1.18717 61.3271 0.991005 151.947 93.5851 0.561281 124.891 89.1845 0.478326 118.108 156.708 2.70601 158.815 78.6435 6.32667 2.94603 -6.36722 -8.19773 
1656326000000 27.899 34.625 1.18717 61.3271 0.991005 151.947 93.5851 0.561281 124.891 89.1845 0.478326 118.108 156.708 2.70601 158.815 78.6435 6.32667 2.94603 -6.36722 -8.19773 
1656385000000 27.899 34.625 1.18717 61.3271 0.991005 151.947 93.5851 0.561281 124.891 89.1845 0.478326 116.717 156.708 2.70601 158.815 78.6435 6.32667 2.94603 -6.36722 -8.19773 
1656445000000 27.899 34.625 1.18717 61.3271 0.769319 151.947 93.5851 0.561281 124.891 89.1845 0.478326 116.717 156.708 2.70601 158.815 78.6435 6.32667 2.94603 -6.36722 -8.19773 
1656504000000 27.899 34.625 1.18717 61.3271 0.769319 151.947 93.5851 0.561281 124.891 89.1845 0.478326 116.717 156.708 2.70601 158.815 78.6435 6.32667 2.94603 -6.36722 -8.19773 
1656572000000 27.899 34.625 1.18717 61.3271 0.769319 151.947 93.5851 0.561281 124.891 89.1845 0.478326 116.717 156.708 2.70601 158.815 78.6435 6.32667 2.94603 -6.36722 -8.19773 
1656629000000 27.899 34.625 1.18717 61.3271 0.991005 151.947 93.5851 0.561281 124.891 89.1845 0.478326 116.717 156.708 2.70601 158.815 78.6435 6.32667 2.94603 -6.36722 -8.19773 
1656686000000 27.899 34.625 1.18717 61.3271 0.991005 151.947 93.5851 0.561281 124.891 89.1845 0.478326 116.717 156.708 2.70601 158.815 78.6435 6.32667 2.94603 -6.36722 -8.19773 
1656744000000 27.899 34.625 1.18717 61.3271 0.991005 151.947 93.5851 0.561281 124.891 89.1845 0.478326 116.717 156.708 2.70601 158.815 78.6435 6.32667 2.94603 -6.36722 -8.19773 
1656800000000 27.899 34.625 1.18717 61.3271 0.991005 151.947 93.5851 0.561281 124.891 89.1845 0.478326 116.717 156.708 2.70601 158.815 78.6435 6.32667 2.94603 -6.36722 -8.19773 
1656858000000 27.899 34.625 1.18717 61.3271 0.991005 151.947 93.5851 0.561281 124.891 89.1845 0.478326 116.717 156.708 2.70601 158.815 78.6435 6.32667 2.94603 -6.36722 -8.19773 
1656915000000 27.899 34.625 1.18717 61.3271 0.991005 151.947 93.5851 0.561281 124.891 89.1845 0.478326 116.717 156.708 2.70601 158.815 78.6435 6.32667 2.94603 -6.36722 -8.19773 
1656973000000 27.899 34.625 1.18717 61.3271 0.991005 151.947 93.5851 0.561281 124.891 89.1845 0.478326 116.717 156.708 2.70601 158.815 78.6435 6.32667 2.94603 -6.36722 -8.19773 
1657030000000 27.899 34.625 1.18717 61.3271 0.991005 151.947 93.5851 0.561281 124.891 89.1845 0.478326 116.717 156.708 2.70601 158.815 78.6435 6.32667 2.94603 -6.36722 -8.19773 
