#time#THJ1#THJ2#THJ3#THJ4#THJ5#FFJ0#FFJ3#FFJ4#MFJ0#MFJ3#MFJ4#RFJ0#RFJ3#RFJ4#LFJ0#LFJ3#LFJ4#LFJ5#WRJ1#WRJ2
7091526000000 27.4786 30.0923 -1.18717 55.454 -3.88609 155.858 86.826 3.49867 115.491 79.8208 0.94142 125.064 158.519 3.7011 157.424 82.0521 8.96805 2.94603 -8.65784 2.8259 
7091576000000 27.4786 30.0923 -1.18717 55.454 -3.88609 155.858 86.826 3.49867 115.491 79.8208 0.94142 125.064 158.519 3.7011 157.424 82.0521 8.96805 2.94603 -8.65784 2.8259 
7091578000000 27.4786 30.0923 -1.18717 55.454 -3.88609 155.858 86.826 3.49867 115.491 79.8208 0.94142 125.064 158.519 3.7011 157.424 82.0521 8.96805 2.94603 -8.65784 2.8259 
7091626000000 27.4786 30.0923 -1.18717 55.454 -3.88609 155.858 86.826 3.49867 115.491 79.8208 0.94142 125.064 158.519 3.7011 157.424 82.0521 8.96805 2.94603 -8.65784 2.8259 
7091664000000 27.4786 30.0923 -1.18717 55.454 -3.88609 155.858 86.826 3.49867 115.491 79.8208 0.94142 125.064 158.519 3.7011 157.424 82.0521 8.96805 2.94603 -8.65784 2.8259 
7091679000000 27.4786 30.0923 -1.18717 55.454 -3.88609 155.858 86.826 3.49867 115.491 79.8208 0.94142 125.064 158.519 3.7011 157.424 82.0521 8.96805 2.94603 -8.65784 2.8259 
7091727000000 27.4786 30.0923 -1.18717 55.454 -3.88609 155.858 86.826 3.49867 115.491 79.8208 0.94142 125.064 158.519 3.7011 157.424 82.0521 8.96805 2.94603 -10.3758 2.8259 
7091776000000 27.4786 30.0923 -1.18717 55.454 -3.88609 155.858 86.826 3.49867 115.491 79.8208 0.94142 125.064 158.519 3.7011 157.424 82.0521 8.96805 2.94603 -9.23049 2.8259 
7091789000000 27.4786 30.0923 -1.18717 55.454 -3.88609 155.858 86.826 3.49867 115.491 79.8208 0.94142 125.064 158.519 3.7011 157.424 82.0521 8.96805 2.94603 -9.23049 2.8259 
7091826000000 27.4786 30.0923 -1.18717 55.454 -3.88609 155.858 86.826 3.49867 115.491 79.8208 0.94142 125.064 158.519 3.7011 157.424 82.0521 8.96805 2.94603 -9.23049 2.8259 
7091876000000 27.4786 30.0923 -1.18717 55.454 -3.88609 155.858 86.826 3.49867 115.491 79.8208 0.94142 125.064 158.519 3.7011 157.424 82.0521 8.96805 2.94603 -9.23049 2.8259 
7091909000000 27.4786 30.0923 -1.18717 55.454 -3.88609 155.858 86.826 3.49867 115.491 79.8208 0.94142 125.064 158.519 3.7011 157.424 82.0521 8.96805 2.94603 -9.23049 2.8259 
7091928000000 27.4786 30.0923 -1.18717 55.454 -3.88609 155.858 86.826 3.49867 115.491 79.8208 0.94142 125.064 158.519 3.7011 157.424 82.0521 8.96805 2.94603 -9.23049 2.8259 
7091976000000 27.4786 30.0923 -1.18717 55.454 -3.88609 155.858 86.826 3.49867 115.491 79.8208 0.94142 125.064 158.519 3.7011 157.424 82.0521 8.96805 2.94603 -9.23049 2.8259 
7092009000000 27.4786 30.0923 -1.18717 55.454 -3.88609 155.858 86.826 3.49867 115.491 79.8208 0.94142 125.064 158.519 3.7011 157.424 82.0521 8.96805 2.94603 -9.23049 2.8259 
7092029000000 27.4786 30.0923 -1.18717 55.454 -3.88609 155.858 86.826 3.49867 115.491 79.8208 0.94142 125.064 158.519 3.7011 157.424 82.0521 8.96805 2.94603 -9.23049 2.8259 
7092076000000 27.4786 30.0923 -1.18717 55.454 -3.88609 155.858 86.826 3.49867 115.491 79.8208 0.94142 125.064 158.519 3.7011 157.424 82.0521 8.96805 2.94603 -9.23049 2.8259 
7092103000000 27.4786 30.0923 -1.18717 55.454 -3.88609 155.858 86.826 3.49867 115.491 79.8208 0.94142 125.064 158.519 3.7011 157.424 82.0521 8.96805 2.94603 -10.3758 2.8259 
7092128000000 27.4786 30.0923 -1.18717 55.454 -3.88609 155.858 86.826 3.27272 115.491 79.8208 0.94142 125.064 158.519 3.7011 157.424 82.0521 8.96805 2.94603 -9.23049 2.8259 
7092176000000 27.4786 30.0923 -1.18717 55.454 -3.88609 155.858 86.826 3.27272 115.491 79.8208 0.94142 125.064 158.519 3.7011 157.424 82.0521 8.96805 2.94603 -9.23049 3.17585 
7092187000000 27.4786 30.0923 -1.18717 55.454 -3.88609 155.858 86.826 3.27272 115.491 79.8208 0.94142 125.064 158.519 3.7011 157.424 82.0521 8.96805 2.94603 -9.23049 3.35083 
7092226000000 27.4786 30.0923 -1.18717 55.454 -3.88609 155.858 86.826 3.27272 115.491 79.8208 0.94142 125.064 158.519 3.7011 157.424 82.0521 8.96805 2.94603 -9.23049 3.35083 
7092232000000 27.4786 30.0923 -1.18717 55.454 -3.88609 155.858 86.826 3.27272 115.491 79.8208 0.94142 125.064 158.519 3.7011 157.424 82.0521 8.96805 2.94603 -9.23049 3.52581 
7092276000000 27.4786 30.0923 -1.18717 55.454 -3.88609 155.858 86.826 3.27272 115.491 79.8208 0.94142 125.064 158.519 3.7011 157.424 82.0521 8.96805 2.94603 -9.23049 3.52581 
7092326000000 27.4786 30.0923 -1.18717 55.454 -3.88609 155.858 86.826 3.27272 115.491 79.8208 0.94142 125.064 158.519 3.7011 157.424 82.0521 8.96805 2.94603 -9.23049 3.52581 
7092338000000 27.4786 30.0923 -1.18717 55.454 -3.88609 155.858 86.826 3.27272 115.491 79.8208 0.94142 125.064 158.519 3.7011 157.424 82.0521 8.96805 2.94603 -9.23049 3.52581 
7092376000000 27.4786 30.0923 -1.30421 54.8014 -3.88609 155.858 86.826 3.27272 115.491 79.8208 0.94142 125.064 158.519 3.7011 157.424 82.0521 8.96805 2.94603 -10.3758 3.87577 
7092426000000 27.4786 30.0923 -1.30421 54.8014 -3.88609 155.858 86.826 3.27272 115.491 79.8208 0.94142 125.064 158.519 3.7011 157.424 82.0521 8.96805 2.94603 -9.23049 3.87577 
7092457000000 27.4786 30.0923 -1.30421 54.8014 -3.88609 155.858 86.826 3.27272 115.491 79.8208 0.94142 125.064 158.519 3.7011 157.424 82.0521 8.96805 2.94603 -9.23049 3.87577 
7092476000000 27.4786 30.0923 -1.30421 54.8014 -4.10777 155.858 86.826 3.27272 115.491 79.8208 0.94142 125.064 158.519 3.71448 157.424 82.0521 9.00496 2.94603 -9.23049 3.87577 
7092526000000 27.4786 30.0923 -1.30421 54.8014 -4.10777 155.858 86.826 3.27272 115.491 79.8208 0.94142 125.064 158.519 3.71448 157.424 82.0521 9.00496 2.94603 -9.23049 3.87577 
7092544000000 27.4786 30.0923 -1.42126 54.1488 -4.10777 155.858 86.826 3.27272 115.491 79.8208 0.94142 125.064 158.519 3.71448 157.424 82.0521 9.00496 2.94603 -9.23049 3.87577 
7092577000000 27.4786 30.0923 -1.42126 54.1488 -4.10777 155.858 86.826 3.27272 115.491 79.8208 0.94142 125.064 158.519 3.71448 157.424 82.0521 9.00496 2.94603 -9.23049 3.87577 
7092610000000 27.4786 30.0923 -1.42126 54.1488 -4.10777 155.858 86.826 3.27272 115.491 79.8208 0.94142 125.064 158.519 3.71448 157.424 82.0521 9.00496 2.94603 -9.23049 3.87577 
7092634000000 27.4786 30.0923 -1.42126 54.1488 -4.10777 155.858 86.826 3.27272 115.491 79.8208 0.94142 125.064 158.519 3.71448 157.424 82.0521 9.00496 2.94603 -9.23049 3.87577 
7092676000000 27.4786 30.0923 -1.42126 54.1488 -4.10777 155.858 86.826 3.27272 115.491 79.8208 0.94142 125.064 158.519 3.71448 157.424 82.0521 9.00496 2.94603 -9.23049 3.87577 
7092712000000 27.4786 30.0923 -1.42126 54.1488 -4.10777 155.858 86.826 3.27272 115.491 79.8208 0.94142 125.064 158.519 3.71448 157.424 82.0521 9.00496 2.94603 -9.23049 3.87577 
7092762000000 26.6379 30.0923 -1.42126 54.1488 -3.6644 151.947 85.1362 3.27272 115.491 79.8208 0.94142 125.064 154.897 3.71448 157.424 80.3478 9.00496 2.94603 -10.9485 3.87577 
7092782000000 24.9564 27.5741 -1.80399 56.1065 -3.6644 144.125 75.8424 3.27272 113.141 75.1389 0.76776 116.717 140.407 3.29785 149.073 73.5306 7.8945 2.94603 -14.3844 2.65092 
7092826000000 22.0137 22.5378 -2.68651 59.3694 -3.88609 132.391 61.4794 2.82081 106.091 62.2637 0.420439 106.98 113.238 2.46458 133.765 64.1569 5.67359 2.94603 -13.2391 0.551181 
7092833000000 19.4915 18.5087 -3.39252 61.9796 -3.88609 116.747 53.8754 1.917 96.6906 54.0705 0.0731177 97.2427 86.07 1.68481 124.023 51.3747 3.60029 2.94603 -13.8117 -2.59843 
7092886000000 15.2877 13.4723 -4.27503 65.2425 -3.44271 73.7236 46.2714 -0.568483 59.0898 42.3658 0.362551 69.4218 53.468 2.2499 89.2311 29.2188 5.09431 2.94603 -12.6664 -6.97288 
7092926000000 13.6062 11.4578 -4.39395 67.8528 -2.99934 56.7752 42.047 -3.05396 43.8145 31.8316 0.188891 54.1204 42.6007 1.87339 71.1392 24.1059 4.09457 2.94603 -10.3758 -7.67279 
7092940000000 11.9247 9.44325 -4.51287 70.463 -2.33428 45.0416 38.6674 -4.86159 34.4143 23.6384 0.131004 44.3831 33.5446 1.75235 58.6141 18.993 3.77362 2.94603 -9.23049 -8.02275 
7092976000000 9.82287 6.92508 -4.42743 75.031 -1.00417 34.6118 30.2185 -7.12112 25.0141 9.59275 -0.0426558 31.8637 13.6211 1.37584 41.9139 10.4715 2.77388 2.94603 -8.08518 -8.89764 
7093026000000 6.88025 2.89599 -5.0164 78.2939 1.21269 22.8782 15.0106 -9.38065 16.789 0 -0.563637 19.3443 0 0.259703 21.0386 0 -0.188444 2.94603 -6.36722 -9.77253 
7093037000000 6.45988 0.881446 -5.3694 79.599 1.65606 21.5745 11.631 -10.5104 14.4389 0 -0.737297 15.1712 0 -0.116802 15.4719 0 -1.18819 2.94603 -5.79456 -9.77253 
7093084000000 6.45988 -1.63673 -5.75214 81.5567 2.09943 20.2708 7.40658 -12.318 13.2639 0 -0.85307 6.82494 0 -0.399017 9.90514 0 -1.94079 2.94603 -4.07659 -9.59755 
7093116000000 7.30062 -2.644 -5.69455 83.5144 3.65123 26.7894 7.40658 -13.6737 13.2639 0 -0.968844 4.04285 0 -0.654481 8.51346 0 -2.61959 2.94603 -2.93128 -8.89764 
7093232000000 10.6636 -3.14764 -5.37315 86.1247 7.19821 59.3826 20.9248 -15.2554 13.2639 0 -1.20039 1.26077 0 -1.17878 5.7301 0 -4.01409 2.94603 -6.36722 -8.02275 
7093276000000 12.3451 -3.14764 -5.37315 86.1247 7.19821 68.5087 21.7697 -15.2554 13.2639 0 -1.20039 1.26077 0 -1.17878 5.7301 0 -4.01409 2.94603 -2.93128 -8.02275 
7093290000000 13.6062 -3.14764 -5.60724 84.8195 7.19821 72.4199 22.6146 -15.2554 13.2639 0 -1.20039 1.26077 0 -1.17878 5.7301 0 -4.01409 2.94603 -4.07659 -7.84777 
7093329000000 14.0266 -3.14764 -5.84133 83.5144 8.08495 77.6348 25.9941 -15.2554 13.2639 0 -1.20039 1.26077 0 -1.17878 5.7301 0 -4.01409 2.94603 -4.64925 -7.49781 
7093376000000 14.8674 -3.14764 -5.95837 82.8618 8.52833 81.546 25.9941 -15.2554 13.2639 0 -1.20039 1.26077 0 -1.17878 5.7301 0 -4.01409 2.94603 -5.2219 -7.32283 
7093420000000 15.2877 -3.14764 -6.07541 82.2093 8.52833 84.1534 25.9941 -15.2554 13.2639 0 -1.20039 4.04285 0 -1.17878 5.7301 0 -4.01409 2.94603 -5.2219 -7.32283 
7093433000000 15.7081 -3.14764 -6.19246 81.5567 8.75001 89.3683 24.3043 -14.8035 13.2639 0 -1.20039 4.04285 0 -1.17878 5.7301 0 -4.01409 2.94603 -5.79456 -7.32283 
7093476000000 16.5489 -3.14764 -6.42654 80.2516 8.52833 91.9758 24.3043 -14.5776 13.2639 0 -1.20039 4.04285 0 -1.16541 5.7301 0 -3.97718 2.94603 -5.79456 -7.32283 
7093526000000 16.9692 -3.14764 -6.54358 79.599 8.75001 91.9758 25.1492 -14.8035 13.2639 0 -1.20039 4.04285 0 -1.16541 5.7301 0 -3.97718 2.94603 -5.79456 -6.97288 
7093549000000 17.3896 -3.14764 -6.66063 78.9464 8.75001 93.2795 25.1492 -14.3516 14.4389 0 -1.08462 4.04285 0 -0.92332 5.7301 0 -3.33529 2.94603 -5.79456 -6.7979 
7093576000000 17.3896 -3.14764 -6.66063 78.9464 8.75001 93.2795 25.1492 -14.3516 14.4389 0 -1.08462 4.04285 0 -0.92332 7.12178 0 -3.33529 2.94603 -7.51253 -6.7979 
7093625000000 17.3896 -3.14764 -6.66063 78.9464 8.75001 93.2795 25.1492 -14.3516 14.4389 0 -1.08462 4.04285 0 -0.92332 7.12178 0 -3.33529 2.94603 -5.79456 -6.97288 
7093653000000 17.3896 -3.14764 -6.66063 78.9464 8.75001 93.2795 25.1492 -13.8997 14.4389 0 -1.08462 4.04285 0 -0.92332 7.12178 0 -3.33529 2.94603 -5.79456 -6.7979 
7093676000000 17.3896 -3.14764 -6.89471 77.6413 8.75001 93.2795 25.1492 -13.6737 14.4389 0 -0.968844 5.4339 0 -0.681234 7.12178 0 -2.6934 2.94603 -5.2219 -6.7979 
7093726000000 17.3896 -3.14764 -6.89471 77.6413 8.75001 93.2795 25.1492 -13.6737 14.4389 0 -0.968844 5.4339 0 -0.681234 7.12178 0 -2.6934 2.94603 -5.2219 -6.7979 
7093730000000 17.3896 -2.14037 -6.60117 77.6413 8.75001 93.2795 25.1492 -13.2218 15.6139 0 -0.910957 5.4339 0 -0.56019 7.12178 0 -2.37245 2.94603 -5.2219 -6.7979 
7093776000000 17.3896 -2.14037 -6.60117 77.6413 8.75001 93.2795 25.1492 -12.7699 15.6139 0 -0.910957 5.4339 0 -0.533437 7.12178 0 -2.29864 2.94603 -5.2219 -6.7979 
7093807000000 17.3896 -2.14037 -6.60117 77.6413 8.75001 93.2795 25.1492 -12.7699 17.964 0 -0.910957 8.21598 0 -0.533437 7.12178 0 -2.29864 2.94603 -5.2219 -6.44794 
7093826000000 17.3896 -2.14037 -6.60117 77.6413 8.75001 93.2795 25.1492 -12.544 17.964 0 -0.910957 8.21598 0 -0.533437 7.12178 0 -2.29864 2.94603 -5.2219 -6.44794 
7093893000000 17.3896 -2.14037 -6.60117 77.6413 8.30664 93.2795 25.1492 -12.544 19.139 0 -0.910957 9.60702 0 -0.533437 8.51346 0 -2.29864 2.94603 -5.2219 -6.44794 
7093926000000 17.3896 -2.14037 -6.60117 77.6413 8.30664 91.9758 25.1492 -12.544 19.139 0 -0.795184 9.60702 0 -0.291351 8.51346 0 -1.65675 2.94603 -5.2219 -6.44794 
7093976000000 17.3896 -2.14037 -6.60117 77.6413 8.30664 91.9758 25.1492 -12.0921 20.314 0 -0.795184 9.60702 0 -0.291351 8.51346 0 -1.65675 2.94603 -5.2219 -6.44794 
7093988000000 17.3896 -2.14037 -6.60117 77.6413 8.30664 91.9758 25.1492 -12.0921 21.489 0 -0.795184 9.60702 0 -0.291351 8.51346 0 -1.65675 2.94603 -4.07659 -6.44794 
7094026000000 17.3896 -2.14037 -6.60117 77.6413 8.30664 91.9758 25.1492 -12.0921 21.489 0 -0.737297 9.60702 0 -0.170308 8.51346 0 -1.3358 2.94603 -4.64925 -6.44794 
7094055000000 17.3896 -2.14037 -6.60117 77.6413 8.30664 91.9758 25.1492 -11.8661 22.6641 0 -0.737297 12.3891 0 -0.170308 8.51346 0 -1.3358 2.94603 -4.07659 -6.44794 
7094077000000 17.3896 -2.14037 -6.60117 77.6413 8.30664 91.9758 25.1492 -11.8661 22.6641 0 -0.737297 12.3891 0 -0.170308 9.90514 0 -1.3358 2.94603 -4.07659 -6.44794 
7094126000000 17.3896 -2.14037 -6.48412 78.2939 8.30664 91.9758 25.1492 -11.8661 23.8391 0 -0.737297 12.3891 0 -0.170308 9.90514 0 -1.3358 2.94603 -4.07659 -6.44794 
7094154000000 17.3896 -2.14037 -6.48412 78.2939 8.30664 91.9758 25.1492 -11.8661 23.8391 0 -0.737297 12.3891 0 -0.170308 9.90514 0 -1.3358 2.94603 -4.07659 -6.44794 
7094177000000 17.3896 -2.14037 -6.48412 78.2939 8.30664 91.9758 25.1492 -11.8661 23.8391 0 -0.737297 12.3891 0 -0.170308 9.90514 0 -1.3358 2.94603 -4.07659 -6.44794 
7094220000000 17.3896 -2.14037 -6.48412 78.2939 8.30664 91.9758 25.1492 -11.8661 23.8391 0 -0.737297 12.3891 0 -0.156932 9.90514 0 -1.2989 2.94603 -4.07659 -6.44794 
7094226000000 16.9692 -2.14037 -6.48412 78.2939 8.30664 91.9758 25.1492 -11.8661 23.8391 0 -0.737297 12.3891 0 -0.156932 9.90514 0 -1.2989 2.94603 -4.07659 -6.44794 
7094284000000 16.9692 -2.14037 -6.48412 78.2939 8.30664 91.9758 25.9941 -11.6402 23.8391 0 -0.67941 13.7801 0 -0.0358887 11.2968 0 -0.977953 2.94603 -4.07659 -6.44794 
7094326000000 16.9692 -1.63673 -6.33735 78.2939 8.08495 91.9758 25.9941 -11.6402 23.8391 0 -0.67941 13.7801 0 -0.0358887 11.2968 0 -0.977953 2.94603 -4.07659 -6.44794 
7094335000000 16.9692 -1.63673 -6.33735 78.2939 8.08495 91.9758 25.9941 -11.6402 23.8391 0 -0.67941 13.7801 0 -0.0358887 11.2968 0 -0.977953 2.94603 -4.07659 -6.44794 
7094382000000 16.9692 -1.63673 -6.33735 78.2939 8.08495 91.9758 25.9941 -11.6402 23.8391 0 -0.67941 13.7801 0 -0.0358887 11.2968 0 -0.977953 2.94603 -4.07659 -6.44794 
7094426000000 16.9692 -1.63673 -6.33735 78.2939 8.08495 91.9758 25.9941 -11.6402 23.8391 0 -0.621523 13.7801 0 0.0851542 11.2968 0 -0.657006 2.94603 -4.07659 -6.44794 
7094465000000 16.9692 -1.63673 -6.33735 78.2939 8.08495 91.9758 25.9941 -11.4142 23.8391 0 -0.621523 13.7801 0 0.0851542 11.2968 0 -0.657006 2.94603 -4.07659 -6.27297 
7094490000000 16.9692 -1.63673 -6.33735 78.2939 8.08495 91.9758 25.9941 -11.4142 23.8391 0 -0.621523 13.7801 0 0.0851542 11.2968 0 -0.657006 2.94603 -4.07659 -6.27297 
7094526000000 16.9692 -1.63673 -6.33735 78.2939 8.08495 91.9758 25.9941 -11.4142 23.8391 0 -0.621523 13.7801 0 0.0851542 11.2968 0 -0.657006 2.94603 -4.07659 -6.27297 
7094575000000 16.9692 -1.63673 -6.33735 78.2939 8.08495 91.9758 25.9941 -11.4142 23.8391 0 -0.621523 13.7801 0 0.0985309 11.2968 0 -0.620102 2.94603 -4.07659 -6.27297 
7094591000000 16.9692 -1.63673 -6.22031 78.9464 8.08495 91.9758 26.839 -11.4142 23.8391 0 -0.621523 13.7801 0 0.0985309 11.2968 0 -0.620102 2.94603 -4.07659 -6.27297 
7094626000000 16.9692 -1.63673 -6.22031 78.9464 8.08495 91.9758 26.839 -11.1883 23.8391 0 -0.621523 13.7801 0 0.0985309 12.6885 0 -0.620102 2.94603 -4.07659 -5.92301 
7094659000000 16.9692 -1.63673 -6.22031 78.9464 8.08495 91.9758 26.839 -11.1883 23.8391 0 -0.563637 15.1712 0 0.219574 12.6885 0 -0.299156 2.94603 -4.07659 -5.92301 
7094676000000 16.9692 -1.63673 -6.22031 78.9464 7.86327 91.9758 26.839 -11.1883 23.8391 0 -0.563637 15.1712 0 0.219574 12.6885 0 -0.299156 2.94603 -4.07659 -6.09799 
7094726000000 16.9692 -1.63673 -6.22031 78.9464 7.86327 90.6721 26.839 -11.1883 23.8391 0 -0.563637 15.1712 0 0.219574 12.6885 0 -0.299156 2.94603 -4.07659 -5.92301 
7094731000000 16.9692 -1.63673 -6.22031 78.9464 7.86327 90.6721 26.839 -11.1883 23.8391 0 -0.563637 15.1712 0 0.219574 12.6885 0 -0.299156 2.94603 -4.07659 -6.09799 
7094782000000 16.9692 -1.63673 -6.22031 78.9464 7.86327 90.6721 26.839 -11.1883 23.8391 0 -0.563637 15.1712 0 0.219574 12.6885 0 -0.299156 2.94603 -4.07659 -6.09799 
7094826000000 16.9692 -1.63673 -6.22031 78.9464 7.86327 90.6721 26.839 -10.7364 23.8391 0 -0.563637 15.1712 0 0.219574 12.6885 0 -0.299156 2.94603 -6.93987 -6.09799 
7094850000000 16.9692 -1.63673 -6.22031 78.9464 7.86327 90.6721 26.839 -10.7364 23.8391 0 -0.50575 15.1712 0 0.340617 12.6885 0 0.0217906 2.94603 -4.07659 -6.09799 
7094876000000 16.9692 -1.1331 -6.07354 78.9464 7.86327 90.6721 27.6839 -10.7364 23.8391 0 -0.50575 15.1712 0 0.353993 12.6885 0 0.0586944 2.94603 -3.50394 -6.09799 
7094916000000 16.9692 -1.1331 -6.07354 78.9464 7.86327 90.6721 27.6839 -10.7364 23.8391 0 -0.50575 15.1712 0 0.353993 12.6885 0 0.0586944 2.94603 -3.50394 -6.09799 
7094929000000 16.9692 -1.1331 -6.07354 78.9464 7.86327 90.6721 27.6839 -10.7364 23.8391 0 -0.50575 15.1712 0 0.353993 12.6885 0 0.0586944 2.94603 -3.50394 -5.92301 
7094976000000 16.9692 -1.1331 -6.07354 78.9464 7.86327 90.6721 27.6839 -10.7364 23.8391 0 -0.50575 15.1712 0 0.353993 12.6885 0 0.0586944 2.94603 -3.50394 -5.92301 
7095000000000 16.9692 -1.1331 -6.07354 78.9464 7.86327 90.6721 27.6839 -10.7364 23.8391 0 -0.50575 15.1712 0 0.353993 12.6885 0 0.0586944 2.94603 -3.50394 -5.92301 
7095052000000 16.9692 -1.1331 -6.07354 78.9464 7.86327 90.6721 27.6839 -10.7364 23.8391 0 -0.50575 15.1712 0 0.353993 12.6885 0 0.0586944 2.94603 -3.50394 -5.92301 
7095076000000 16.9692 -1.1331 -6.07354 78.9464 7.86327 89.3683 27.6839 -10.7364 23.8391 0 -0.50575 15.1712 0 0.353993 12.6885 0 0.0586944 2.94603 -3.50394 -5.92301 
7095092000000 16.9692 -1.1331 -6.07354 78.9464 7.86327 89.3683 27.6839 -10.7364 23.8391 0 -0.50575 15.1712 0 0.353993 12.6885 0 0.0586944 2.94603 -3.50394 -5.92301 
7095176000000 16.9692 -1.1331 -6.07354 78.9464 7.86327 89.3683 27.6839 -10.7364 23.8391 0 -0.447863 15.1712 0 0.475036 12.6885 0 0.379641 2.94603 -3.50394 -5.92301 
7095178000000 16.9692 -1.1331 -6.07354 78.9464 7.86327 89.3683 27.6839 -10.7364 23.8391 0 -0.447863 15.1712 0 0.475036 12.6885 0 0.379641 2.94603 -3.50394 -5.92301 
7095226000000 16.5489 -1.1331 -6.07354 78.9464 7.86327 89.3683 27.6839 -10.7364 23.8391 0 -0.447863 15.1712 0 0.475036 12.6885 0 0.379641 2.94603 -4.64925 -5.92301 
7095276000000 16.5489 -1.1331 -5.95649 79.599 7.64158 89.3683 27.6839 -10.5104 23.8391 0 -0.447863 15.1712 0 0.475036 12.6885 0 0.379641 2.94603 -3.50394 -5.92301 
7095289000000 16.5489 -1.1331 -5.95649 79.599 7.64158 89.3683 28.5288 -10.5104 23.8391 0 -0.447863 15.1712 0 0.475036 12.6885 0 0.379641 2.94603 -3.50394 -5.92301 
7095326000000 16.5489 -1.1331 -5.95649 79.599 7.64158 89.3683 28.5288 -10.5104 23.8391 0 -0.447863 15.1712 0 0.475036 12.6885 0 0.379641 2.94603 -3.50394 -5.92301 
7095357000000 16.5489 -1.1331 -5.95649 79.599 7.64158 89.3683 28.5288 -10.5104 23.8391 0 -0.447863 15.1712 0 0.475036 12.6885 0 0.379641 2.94603 -5.2219 -5.74803 
7095376000000 16.5489 -1.1331 -5.95649 79.599 7.64158 89.3683 28.5288 -10.2845 23.8391 0 -0.447863 15.1712 0 0.475036 12.6885 0 0.379641 2.94603 -3.50394 -5.74803 
7095410000000 16.5489 -1.1331 -5.95649 79.599 7.64158 89.3683 28.5288 -10.2845 23.8391 0 -0.447863 16.5622 0 0.475036 12.6885 0 0.379641 2.94603 -3.50394 -5.74803 
7095463000000 16.5489 -1.1331 -5.95649 79.599 7.64158 89.3683 28.5288 -10.2845 23.8391 0 -0.447863 16.5622 0 0.475036 12.6885 0 0.379641 2.94603 -3.50394 -5.74803 
7095477000000 16.5489 -1.1331 -5.95649 79.599 7.64158 89.3683 28.5288 -10.2845 23.8391 0 -0.447863 16.5622 0 0.475036 14.0802 0 0.379641 2.94603 -3.50394 -5.74803 
7095526000000 16.5489 -1.1331 -5.95649 79.599 7.64158 89.3683 28.5288 -10.2845 23.8391 0 -0.447863 16.5622 0 0.475036 14.0802 0 0.379641 2.94603 -3.50394 -5.74803 
7095576000000 16.5489 -1.1331 -5.95649 79.599 7.64158 89.3683 28.5288 -10.2845 23.8391 0 -0.447863 16.5622 0 0.475036 14.0802 0 0.379641 2.94603 -3.50394 -5.74803 
7095590000000 16.5489 -1.1331 -5.95649 79.599 7.64158 89.3683 28.5288 -10.2845 23.8391 0 -0.389976 16.5622 0 0.596079 14.0802 0 0.700587 2.94603 -3.50394 -5.74803 
7095643000000 16.5489 -1.1331 -5.95649 79.599 7.64158 89.3683 28.5288 -10.2845 23.8391 0 -0.389976 16.5622 0 0.596079 14.0802 0 0.700587 2.94603 -3.50394 -5.74803 
7095689000000 16.5489 -1.1331 -5.95649 79.599 7.64158 89.3683 28.5288 -10.2845 23.8391 0 -0.389976 16.5622 0 0.596079 14.0802 0 0.700587 2.94603 -3.50394 -5.74803 
7095729000000 16.5489 -1.1331 -5.95649 79.599 7.64158 89.3683 28.5288 -10.2845 23.8391 0 -0.389976 16.5622 0 0.596079 14.0802 0 0.700587 2.94603 -3.50394 -5.74803 
7095776000000 16.5489 -1.1331 -5.95649 79.599 7.64158 89.3683 28.5288 -10.2845 23.8391 0 -0.389976 16.5622 0 0.596079 14.0802 0 0.700587 2.94603 -3.50394 -5.74803 
7095809000000 16.5489 -1.1331 -5.95649 79.599 7.64158 89.3683 29.3737 -10.2845 23.8391 0 -0.389976 16.5622 0 0.596079 14.0802 0 0.700587 2.94603 -3.50394 -5.74803 
7095834000000 16.5489 -1.1331 -5.95649 79.599 7.64158 88.0646 29.3737 -10.2845 23.8391 0 -0.389976 16.5622 0 0.596079 14.0802 0 0.700587 2.94603 -5.2219 -5.74803 
7095876000000 16.5489 -1.1331 -5.95649 79.599 7.64158 88.0646 29.3737 -10.2845 23.8391 0 -0.389976 16.5622 0 0.596079 14.0802 0 0.700587 2.94603 -3.50394 -5.74803 
