#time#THJ1#THJ2#THJ3#THJ4#THJ5#FFJ0#FFJ3#FFJ4#MFJ0#MFJ3#MFJ4#RFJ0#RFJ3#RFJ4#LFJ0#LFJ3#LFJ4#LFJ5#WRJ1#WRJ2
7079927000000 10.2432 -0.62946 -10.9596 50.886 -8.31981 0 0 -10.9623 2.68867 0 -1.66349 0 0 -2.3344 0 7.91501 -7.09831 2.94603 7.94918 -12.9221 
7079976000000 10.2432 -0.62946 -10.9596 50.886 -8.31981 0 0 -10.9623 2.68867 0 -1.66349 0 0 -2.3344 0 7.91501 -7.09831 2.94603 7.94918 -12.9221 
7079994000000 10.2432 -0.62946 -10.9596 50.886 -8.31981 0 0 -10.9623 2.68867 0 -1.66349 0 0 -2.3344 0 7.91501 -7.09831 2.94603 7.94918 -12.9221 
7080046000000 10.2432 -0.62946 -10.9596 50.886 -8.31981 0 0 -10.9623 2.68867 0 -1.66349 0 0 -2.3344 0 7.91501 -7.09831 2.94603 7.94918 -12.5722 
7080076000000 10.2432 -0.62946 -10.9596 50.886 -8.31981 0 0 -10.9623 2.68867 0 -1.66349 0 0 -2.3344 0 7.91501 -7.09831 2.94603 7.94918 -12.5722 
7080089000000 10.2432 -0.62946 -10.9596 50.886 -8.31981 0 0 -10.9623 2.68867 0 -1.66349 0 0 -2.3344 0 7.91501 -7.09831 2.94603 7.94918 -12.5722 
7080127000000 10.2432 -0.62946 -10.9596 50.886 -8.31981 0 0 -10.9623 2.68867 0 -1.66349 0 0 -2.3344 0 7.91501 -7.09831 2.94603 7.94918 -12.5722 
7080176000000 10.2432 -0.62946 -10.9596 50.886 -8.31981 0 0 -10.9623 2.68867 0 -1.66349 0 0 -2.3344 0 7.91501 -7.09831 2.94603 7.94918 -12.5722 
7080190000000 10.2432 -0.62946 -10.9596 50.886 -8.31981 0 0 -10.7364 2.68867 0 -1.66349 0 0 -2.3344 0 7.91501 -7.09831 2.94603 7.37652 -12.5722 
7080229000000 10.2432 -0.62946 -10.9596 50.886 -8.31981 0 0 -10.7364 2.68867 0 -1.66349 0 0 -2.3344 0 7.91501 -7.09831 2.94603 7.37652 -12.5722 
7080276000000 10.2432 -0.62946 -10.9596 50.886 -8.31981 0 0 -10.7364 2.68867 0 -1.66349 0 0 -2.3344 0 7.91501 -7.09831 2.94603 7.37652 -12.5722 
7080280000000 10.2432 -0.62946 -10.9596 50.886 -8.31981 0 0 -10.7364 2.68867 0 -1.66349 0 0 -2.3344 0 7.91501 -7.09831 2.94603 7.37652 -12.5722 
7080336000000 10.2432 -0.62946 -10.9596 50.886 -8.31981 0 0 -10.7364 2.68867 0 -1.66349 0 0 -2.3344 0 7.91501 -7.09831 2.94603 7.37652 -12.5722 
7080398000000 10.2432 -0.62946 -10.9596 50.886 -8.31981 0 0 -10.7364 2.68867 0 -1.6056 0 0 -2.21335 0 8.76716 -6.77737 2.94603 7.37652 -12.5722 
7080426000000 10.2432 -0.62946 -10.9596 50.886 -8.31981 0 0 -10.7364 2.68867 0 -1.6056 0 0 -2.21335 0 8.76716 -6.77737 2.94603 6.23121 -12.3972 
7080476000000 10.2432 -0.62946 -10.9596 50.886 -8.09812 0 0 -10.7364 2.68867 0 -1.6056 0 0 -2.21335 0 8.76716 -6.77737 2.94603 7.94918 -12.3972 
7080476000000 10.2432 -0.62946 -10.9596 50.886 -8.09812 0 0 -10.7364 2.68867 0 -1.6056 0 0 -2.21335 0 8.76716 -6.77737 2.94603 7.94918 -12.3972 
7080514000000 10.2432 -0.62946 -10.9596 50.886 -8.09812 0 0 -10.7364 2.68867 0 -1.6056 0 0 -2.21335 0 7.91501 -6.77737 2.94603 6.80387 -12.3972 
7080526000000 10.2432 -0.62946 -10.9596 50.886 -8.09812 0 0 -10.7364 2.68867 0 -1.6056 0 0 -2.21335 0 7.91501 -6.77737 2.94603 7.94918 -12.3972 
7080576000000 10.2432 -0.62946 -10.9596 50.886 -8.09812 0 0 -10.7364 2.68867 0 -1.6056 0 0 -2.21335 0 7.91501 -6.77737 2.94603 7.94918 -12.3972 
7080590000000 10.2432 -0.62946 -10.9596 50.886 -8.09812 0 0 -10.7364 2.68867 0 -1.6056 0 0 -2.21335 0 7.91501 -6.77737 2.94603 7.37652 -12.3972 
7080626000000 10.2432 -0.62946 -10.9596 50.886 -8.09812 0 0 -10.7364 2.68867 0 -1.6056 0 0 -2.21335 0 7.91501 -6.77737 2.94603 7.94918 -12.3972 
7080676000000 10.2432 -0.62946 -10.9596 50.886 -8.09812 0 0 -10.7364 2.68867 0 -1.6056 0 0 -2.21335 0 7.91501 -6.77737 2.94603 7.94918 -12.3972 
7080701000000 10.2432 -0.62946 -10.9596 50.886 -8.09812 0 0 -10.7364 2.68867 0 -1.6056 0 0 -2.21335 0 7.91501 -6.77737 2.94603 7.94918 -12.3972 
7080726000000 10.2432 -0.62946 -10.9596 50.886 -8.09812 0 0 -10.7364 2.68867 0 -1.6056 0 0 -2.21335 0 7.91501 -6.77737 2.94603 7.94918 -12.3972 
7080776000000 10.2432 -0.62946 -10.9596 50.886 -8.09812 0 0 -10.7364 2.68867 0 -1.6056 0 0 -2.21335 0 7.91501 -6.77737 2.94603 7.94918 -12.3972 
7080820000000 10.2432 -0.62946 -10.9596 50.886 -8.09812 0 0 -10.7364 2.68867 0 -1.6056 0 0 -2.21335 0 7.91501 -6.77737 2.94603 7.94918 -12.3972 
7080826000000 10.2432 -0.62946 -10.9596 50.886 -8.09812 0 0 -10.7364 2.68867 0 -1.6056 0 0 -2.21335 0 7.91501 -6.77737 2.94603 7.94918 -12.3972 
7080876000000 10.2432 -0.62946 -10.9596 50.886 -7.65475 0 0 -10.7364 2.68867 0 -1.6056 0 0 -2.21335 0 7.91501 -6.77737 2.94603 7.94918 -12.3972 
7080884000000 10.2432 -0.62946 -10.7255 52.1911 -7.65475 0 0 -10.7364 2.68867 0 -1.6056 0 0 -2.21335 0 7.91501 -6.77737 2.94603 7.94918 -12.3972 
7080926000000 8.98212 -2.644 -10.0251 59.3694 -5.43789 2.01862 0 -8.70279 2.68867 0 -1.31616 0 0 -1.55463 0 3.65425 -5.02502 2.94603 6.23121 -14.147 
7080997000000 7.721 -4.15491 -9.06095 67.2002 -2.99934 2.01862 0 -9.6066 2.68867 0 -1.1425 0 0 -1.09787 0 0 -3.80385 2.94603 2.22262 -16.0717 
7081026000000 6.88025 -5.16218 -8.30111 73.0733 -0.33911 3.32234 0 -10.7364 2.68867 0 -1.02673 0 0 -0.802277 0 0 -3.01435 2.94603 1.07731 -17.8215 
7081076000000 6.45988 -6.16945 -8.12648 75.6836 1.65606 4.62607 0 -11.4142 2.68867 0 -0.968844 0 0 -0.654481 0 0 -2.61959 2.94603 0.504653 -17.9965 
7081085000000 6.45988 -7.17672 -7.71777 79.599 4.09461 12.4484 0 -12.544 2.68867 0 -0.85307 0 0 -0.385641 0 0 -1.90389 2.94603 -1.21332 -16.0717 
7081127000000 6.88025 -7.68036 -7.63045 80.9041 4.98135 16.3596 0 -13.2218 2.68867 0 -0.85307 0 0 -0.385641 0 0 -1.90389 2.94603 -0.640658 -15.0219 
7081176000000 6.88025 -8.184 -7.4261 82.8618 5.64641 17.6633 0 -13.6737 5.03871 0 -0.85307 0 0 -0.399017 0 0 -1.94079 2.94603 -0.640658 -13.622 
7081226000000 7.30062 -8.184 -7.30905 83.5144 6.53315 21.5745 0 -13.8997 5.03871 0 -0.85307 0 0 -0.399017 0 0 -1.94079 2.94603 -0.640658 -12.9221 
7081246000000 8.98212 -7.17672 -6.78142 84.8195 7.64158 29.3969 3.18215 -14.5776 5.03871 0 -0.85307 0 0 -0.399017 0 0 -1.94079 2.94603 -2.35863 -12.9221 
7081276000000 9.4025 -7.17672 -6.66438 85.4721 8.30664 32.0043 7.40658 -14.5776 5.03871 0 -0.85307 0 0 -0.399017 0 0 -1.94079 2.94603 -0.640658 -12.5722 
7081326000000 10.6636 -6.67309 -6.63465 84.8195 8.75001 35.9155 11.631 -14.5776 5.03871 0 -0.85307 0 0 -0.399017 0 0 -1.94079 2.94603 -1.21332 -12.5722 
7081367000000 11.5044 -6.16945 -6.48788 84.8195 9.41507 39.8267 16.7003 -14.5776 5.03871 0 -0.85307 0 0 -0.399017 0 0 -1.94079 2.94603 -2.93128 -12.5722 
7081380000000 12.7655 -5.66582 -6.3411 84.8195 9.85844 42.4342 20.0799 -14.5776 5.03871 0 -0.85307 0 0 -0.399017 0 0 -1.94079 2.94603 -1.78597 -12.5722 
7081426000000 15.2877 -4.65855 -6.28164 83.5144 10.3018 48.9528 24.3043 -14.5776 6.21374 0 -0.85307 0 0 -0.399017 0 0 -1.94079 2.94603 -2.93128 -12.2222 
7081443000000 16.5489 -4.65855 -6.39869 82.8618 10.9669 52.864 25.9941 -14.8035 6.21374 0 -0.85307 0 0 -0.412394 0 0 -1.9777 2.94603 -4.64925 -12.0472 
7081476000000 17.3896 -4.65855 -6.51573 82.2093 11.1886 56.7752 25.9941 -14.8035 6.21374 0 -0.85307 0 0 -0.412394 0 0 -1.9777 2.94603 -4.07659 -12.0472 
7081521000000 17.81 -4.65855 -6.51573 82.2093 11.1886 59.3826 27.6839 -15.0295 6.21374 0 -0.85307 0 0 -0.412394 0 0 -1.9777 2.94603 -5.79456 -11.6973 
7081546000000 17.81 -4.65855 -6.51573 82.2093 11.1886 61.9901 26.839 -15.0295 6.21374 0 -0.795184 0 0 -0.291351 0 0 -1.65675 2.94603 -4.07659 -11.8723 
7081576000000 17.81 -4.65855 -6.51573 82.2093 11.1886 63.2938 25.9941 -15.0295 6.21374 0 -0.795184 0 0 -0.291351 0 0 -1.65675 2.94603 -4.07659 -11.8723 
7081599000000 17.81 -4.65855 -6.74982 80.9041 11.1886 65.9012 25.9941 -15.0295 7.38876 0 -0.795184 0 0 -0.291351 0 0 -1.65675 2.94603 -5.79456 -11.6973 
7081628000000 17.81 -4.65855 -6.74982 80.9041 11.1886 67.205 25.9941 -15.0295 7.38876 0 -0.795184 0 0 -0.291351 0 0 -1.65675 2.94603 -4.64925 -11.6973 
7081670000000 17.81 -4.65855 -6.74982 80.9041 11.1886 67.205 25.9941 -15.0295 7.38876 0 -0.795184 0 0 -0.291351 0 0 -1.65675 2.94603 -4.64925 -11.6973 
7081693000000 17.81 -4.65855 -6.74982 80.9041 11.4102 65.9012 25.9941 -15.0295 7.38876 0 -0.67941 0 0 -0.0492652 0 0 -1.01486 2.94603 -4.64925 -11.6973 
7081726000000 17.81 -4.65855 -6.74982 80.9041 11.4102 65.9012 25.9941 -14.5776 7.38876 0 -0.67941 1.26077 0 -0.0492652 0 0 -1.01486 2.94603 -4.64925 -11.6973 
7081768000000 17.81 -4.65855 -6.74982 80.9041 11.4102 65.9012 25.9941 -14.3516 7.38876 0 -0.621523 1.26077 0 0.0717777 0 0 -0.69391 2.94603 -4.64925 -11.6973 
7081776000000 17.81 -4.65855 -6.74982 80.9041 11.4102 65.9012 27.6839 -13.8997 9.73881 0 -0.621523 1.26077 0 0.0717777 0 0 -0.69391 2.94603 -4.64925 -11.6973 
7081819000000 17.81 -4.65855 -6.74982 80.9041 11.4102 65.9012 27.6839 -13.6737 9.73881 0 -0.563637 1.26077 0 0.192821 0 0 -0.372964 2.94603 -4.64925 -11.6973 
7081831000000 17.81 -4.15491 -6.60304 80.9041 11.4102 65.9012 27.6839 -13.4478 10.9138 0 -0.50575 4.04285 0 0.313864 0 0 -0.0520175 2.94603 -4.64925 -11.3473 
7081881000000 17.81 -4.15491 -6.60304 80.9041 10.9669 65.9012 28.5288 -13.2218 10.9138 0 -0.50575 4.04285 0 0.313864 0 0 -0.0520175 2.94603 -4.64925 -11.3473 
7081926000000 17.3896 -4.15491 -6.60304 80.9041 10.9669 65.9012 28.5288 -12.9959 10.9138 0 -0.447863 5.4339 0 0.448283 1.55505 0 0.305833 2.94603 -5.2219 -11.1724 
7081933000000 17.3896 -4.15491 -6.60304 80.9041 10.9669 65.9012 28.5288 -12.9959 10.9138 0 -0.447863 5.4339 0 0.448283 1.55505 0 0.305833 2.94603 -4.07659 -11.1724 
7081979000000 17.3896 -4.15491 -6.486 81.5567 10.9669 64.5975 28.5288 -12.9959 10.9138 0 -0.447863 5.4339 0 0.448283 1.55505 0 0.305833 2.94603 -3.50394 -10.9974 
7082026000000 17.3896 -3.65127 -6.33923 81.5567 10.9669 64.5975 28.5288 -12.9959 12.0889 0 -0.447863 5.4339 0 0.448283 1.55505 0 0.305833 2.94603 -5.79456 -10.8224 
7082076000000 17.3896 -3.65127 -6.33923 81.5567 10.9669 64.5975 28.5288 -12.9959 12.0889 0 -0.447863 5.4339 0 0.448283 1.55505 0 0.305833 2.94603 -4.07659 -10.8224 
7082126000000 16.9692 -3.65127 -6.33923 81.5567 10.7452 64.5975 29.3737 -12.9959 12.0889 0 -0.447863 5.4339 0 0.46166 1.55505 0 0.342737 2.94603 -4.07659 -10.8224 
7082157000000 16.9692 -3.65127 -6.33923 81.5567 10.7452 64.5975 29.3737 -12.9959 12.0889 0 -0.447863 5.4339 0 0.46166 1.55505 0 0.342737 2.94603 -3.50394 -10.8224 
7082176000000 16.9692 -3.65127 -6.33923 81.5567 10.7452 63.2938 29.3737 -12.9959 12.0889 0 -0.447863 5.4339 0 0.46166 4.33841 0 0.342737 2.94603 -3.50394 -10.8224 
7082208000000 16.9692 -3.65127 -6.33923 81.5567 10.7452 63.2938 29.3737 -12.9959 12.0889 0 -0.447863 5.4339 0 0.46166 4.33841 0 0.342737 2.94603 -3.50394 -10.8224 
7082226000000 16.9692 -3.65127 -6.33923 81.5567 10.7452 63.2938 29.3737 -12.7699 13.2639 0 -0.33209 6.82494 0 0.703745 4.33841 0 0.98463 2.94603 -3.50394 -10.6474 
7082239000000 16.9692 -3.65127 -6.33923 81.5567 10.7452 63.2938 29.3737 -12.7699 13.2639 0 -0.389976 6.82494 0 0.582703 4.33841 0 0.663683 2.94603 -3.50394 -10.6474 
7082306000000 16.9692 -3.14764 -6.19246 81.5567 10.7452 63.2938 29.3737 -12.7699 13.2639 0 -0.33209 6.82494 0 0.703745 4.33841 0 0.98463 2.94603 -3.50394 -10.6474 
7082326000000 16.9692 -3.14764 -6.19246 81.5567 10.7452 63.2938 29.3737 -12.7699 13.2639 0 -0.389976 6.82494 0 0.582703 4.33841 0 0.663683 2.94603 -3.50394 -10.6474 
7082374000000 16.9692 -3.14764 -6.19246 81.5567 10.7452 63.2938 29.3737 -12.7699 13.2639 0 -0.33209 6.82494 0 0.703745 4.33841 0 0.98463 2.94603 -3.50394 -10.6474 
7082410000000 16.9692 -3.14764 -6.19246 81.5567 10.5235 63.2938 30.2185 -12.7699 13.2639 0 -0.33209 6.82494 0 0.703745 4.33841 0 0.98463 2.94603 -4.64925 -10.4724 
7082426000000 16.9692 -3.14764 -6.19246 81.5567 10.5235 63.2938 30.2185 -12.7699 13.2639 0 -0.33209 6.82494 0 0.703745 4.33841 0 0.98463 2.94603 -3.50394 -10.4724 
7082455000000 16.9692 -3.14764 -6.19246 81.5567 10.5235 63.2938 30.2185 -12.7699 13.2639 0 -0.33209 6.82494 0 0.717122 4.33841 0 1.02153 2.94603 -3.50394 -10.4724 
7082476000000 16.9692 -3.14764 -6.19246 81.5567 10.5235 63.2938 30.2185 -12.7699 13.2639 0 -0.33209 6.82494 0 0.717122 4.33841 0 1.02153 2.94603 -3.50394 -10.4724 
7082526000000 16.5489 -3.14764 -6.19246 81.5567 10.5235 63.2938 30.2185 -12.7699 13.2639 0 -0.33209 6.82494 0 0.717122 4.33841 0 1.02153 2.94603 -4.64925 -10.4724 
7082550000000 16.5489 -2.644 -6.04568 81.5567 10.5235 63.2938 30.2185 -12.7699 13.2639 0 -0.33209 6.82494 0 0.717122 4.33841 0 1.02153 2.94603 -3.50394 -10.4724 
7082576000000 16.5489 -2.644 -6.04568 81.5567 10.5235 63.2938 30.2185 -12.7699 13.2639 0 -0.33209 6.82494 0 0.717122 5.7301 0 1.02153 2.94603 -4.07659 -10.1225 
7082626000000 16.5489 -2.644 -6.04568 81.5567 10.5235 63.2938 30.2185 -12.7699 13.2639 0 -0.33209 6.82494 0 0.717122 5.7301 0 1.02153 2.94603 -2.93128 -10.1225 
7082626000000 16.5489 -2.644 -6.04568 81.5567 10.5235 63.2938 30.2185 -12.7699 13.2639 0 -0.33209 6.82494 0 0.717122 5.7301 0 1.02153 2.94603 -2.93128 -9.94751 
7082677000000 16.5489 -2.644 -6.04568 81.5567 10.5235 63.2938 30.2185 -12.7699 13.2639 0 -0.33209 6.82494 0 0.717122 5.7301 0 1.02153 2.94603 -2.93128 -9.94751 
7082726000000 16.5489 -2.644 -6.04568 81.5567 10.5235 61.9901 30.2185 -12.7699 13.2639 0 -0.33209 6.82494 0 0.717122 5.7301 0 1.02153 2.94603 -2.93128 -9.77253 
7082771000000 16.5489 -2.644 -6.04568 81.5567 10.5235 61.9901 30.2185 -12.7699 13.2639 0 -0.33209 6.82494 0 0.717122 5.7301 0 1.02153 2.94603 -2.93128 -9.77253 
7082822000000 16.5489 -2.644 -6.04568 81.5567 10.5235 61.9901 30.2185 -12.7699 13.2639 0 -0.33209 6.82494 0 0.717122 5.7301 0 1.02153 2.94603 -2.93128 -9.77253 
7082826000000 16.5489 -2.644 -6.04568 81.5567 10.5235 61.9901 31.0634 -12.7699 13.2639 0 -0.33209 6.82494 0 0.717122 5.7301 0 1.02153 2.94603 -2.93128 -9.77253 
7082876000000 16.5489 -2.644 -6.04568 81.5567 10.5235 61.9901 31.0634 -12.7699 13.2639 0 -0.33209 6.82494 0 0.717122 5.7301 0 1.02153 2.94603 -2.93128 -9.77253 
7082899000000 16.5489 -2.644 -6.04568 81.5567 10.3018 61.9901 31.0634 -12.7699 13.2639 0 -0.33209 6.82494 0 0.717122 5.7301 0 1.02153 2.94603 -2.93128 -9.77253 
7082929000000 16.5489 -2.644 -6.04568 81.5567 10.3018 61.9901 31.0634 -12.544 13.2639 0.229008 -0.33209 6.82494 0 0.730498 5.7301 0 1.05844 2.94603 -2.93128 -9.77253 
7082976000000 16.5489 -2.644 -5.92864 82.2093 10.3018 61.9901 31.0634 -12.544 13.2639 0.229008 -0.33209 6.82494 0 0.730498 5.7301 0 1.05844 2.94603 -2.93128 -9.77253 
7082984000000 16.5489 -2.644 -5.92864 82.2093 10.3018 61.9901 31.0634 -12.544 13.2639 0.229008 -0.33209 6.82494 0 0.730498 5.7301 0 1.05844 2.94603 -4.07659 -9.42257 
7083026000000 16.5489 -2.644 -5.92864 82.2093 10.3018 61.9901 31.0634 -12.544 13.2639 0.229008 -0.33209 6.82494 0 0.730498 5.7301 0 1.05844 2.94603 -2.93128 -9.59755 
7083054000000 16.5489 -2.644 -5.92864 82.2093 10.3018 61.9901 31.9083 -12.544 13.2639 0.229008 -0.274203 6.82494 0 0.851541 7.12178 0 1.37938 2.94603 -2.93128 -9.42257 
7083085000000 16.5489 -2.644 -5.92864 82.2093 10.3018 61.9901 31.9083 -12.544 13.2639 0.229008 -0.274203 6.82494 0 0.851541 7.12178 0 1.37938 2.94603 -2.93128 -9.42257 
7083126000000 16.5489 -2.644 -5.92864 82.2093 10.3018 61.9901 31.9083 -12.544 13.2639 0.229008 -0.274203 6.82494 0 0.851541 7.12178 0 1.37938 2.94603 -2.93128 -9.59755 
7083176000000 16.5489 -2.644 -5.92864 82.2093 10.3018 61.9901 31.9083 -12.544 13.2639 0.229008 -0.274203 6.82494 0 0.851541 7.12178 0 1.37938 2.94603 -2.93128 -9.42257 
7083206000000 16.5489 -2.644 -5.92864 82.2093 10.3018 61.9901 31.9083 -12.544 13.2639 0.229008 -0.274203 6.82494 0 0.851541 7.12178 0 1.37938 2.94603 -2.93128 -9.24759 
7083227000000 16.5489 -2.644 -5.92864 82.2093 10.0801 60.6863 31.9083 -12.544 13.2639 0.229008 -0.274203 6.82494 0 0.851541 7.12178 0 1.37938 2.94603 -2.93128 -9.42257 
7083276000000 16.5489 -2.644 -5.92864 82.2093 10.0801 60.6863 31.9083 -12.544 13.2639 0.229008 -0.274203 6.82494 0 0.851541 7.12178 0 1.37938 2.94603 -2.93128 -9.42257 
7083295000000 16.5489 -2.644 -5.92864 82.2093 10.0801 60.6863 31.9083 -12.544 13.2639 0.229008 -0.274203 6.82494 0 0.851541 7.12178 0 1.37938 2.94603 -2.93128 -9.24759 
7083343000000 16.5489 -2.644 -5.92864 82.2093 10.0801 60.6863 31.9083 -12.544 13.2639 0.229008 -0.274203 6.82494 0 0.851541 7.12178 0 1.37938 2.94603 -2.93128 -9.24759 
7083378000000 16.5489 -2.14037 -5.78187 82.2093 10.0801 60.6863 31.9083 -12.544 13.2639 0.229008 -0.274203 6.82494 0 0.851541 7.12178 0 1.37938 2.94603 -2.93128 -9.24759 
7083426000000 16.5489 -2.14037 -5.78187 82.2093 10.0801 60.6863 31.9083 -12.544 13.2639 0.229008 -0.274203 6.82494 0 0.851541 7.12178 0 1.37938 2.94603 -2.93128 -9.24759 
7083427000000 16.5489 -2.14037 -5.78187 82.2093 10.0801 60.6863 31.9083 -12.544 13.2639 0.229008 -0.274203 6.82494 0 0.851541 7.12178 0 1.37938 2.94603 -2.93128 -9.24759 
7083477000000 16.5489 -2.14037 -5.78187 82.2093 10.0801 60.6863 31.9083 -12.544 13.2639 0.229008 -0.274203 6.82494 0 0.851541 7.12178 0 1.37938 2.94603 -2.93128 -8.89764 
7083524000000 16.5489 -2.14037 -5.78187 82.2093 10.0801 60.6863 31.9083 -12.544 13.2639 0.229008 -0.274203 6.82494 0 0.851541 7.12178 0 1.37938 2.94603 -4.07659 -9.07262 
7083558000000 16.5489 -2.14037 -5.78187 82.2093 10.0801 60.6863 31.9083 -12.318 13.2639 0.229008 -0.274203 6.82494 0 0.851541 7.12178 0 1.37938 2.94603 -2.93128 -9.07262 
7083577000000 16.1285 -2.14037 -5.78187 82.2093 10.0801 60.6863 31.9083 -12.318 13.2639 0.229008 -0.274203 6.82494 0 0.851541 7.12178 0 1.37938 2.94603 -2.93128 -9.07262 
7083613000000 16.1285 -2.14037 -5.78187 82.2093 10.0801 60.6863 31.9083 -12.318 13.2639 0.229008 -0.274203 6.82494 0 0.851541 7.12178 0 1.37938 2.94603 -2.93128 -9.07262 
7083627000000 16.1285 -2.14037 -5.78187 82.2093 9.85844 60.6863 31.9083 -12.318 13.2639 0.229008 -0.274203 6.82494 0 0.851541 7.12178 0 1.37938 2.94603 -2.93128 -9.07262 
7083676000000 16.1285 -2.14037 -5.78187 82.2093 9.85844 60.6863 32.7532 -12.318 13.2639 0.229008 -0.274203 6.82494 0 0.851541 7.12178 0 1.37938 2.94603 -2.93128 -9.07262 
7083726000000 16.1285 -2.14037 -5.78187 82.2093 9.85844 60.6863 32.7532 -12.318 13.2639 0.229008 -0.274203 6.82494 0 0.851541 7.12178 0 1.37938 2.94603 -2.93128 -9.07262 
7083726000000 16.1285 -2.14037 -5.78187 82.2093 9.85844 60.6863 32.7532 -12.318 13.2639 0.229008 -0.274203 6.82494 0 0.851541 7.12178 0 1.37938 2.94603 -2.93128 -9.07262 
7083801000000 16.1285 -2.14037 -5.78187 82.2093 9.85844 60.6863 32.7532 -12.318 13.2639 0.229008 -0.274203 6.82494 0 0.851541 7.12178 0 1.37938 2.94603 -4.07659 -9.07262 
7083826000000 16.1285 -2.14037 -5.78187 82.2093 9.85844 60.6863 32.7532 -12.318 13.2639 0.229008 -0.274203 6.82494 0 0.851541 7.12178 0 1.37938 2.94603 -2.35863 -9.07262 
7083855000000 16.1285 -2.14037 -5.78187 82.2093 9.85844 60.6863 32.7532 -12.318 13.2639 0.229008 -0.274203 6.82494 0 0.851541 7.12178 0 1.37938 2.94603 -2.35863 -8.89764 
7083891000000 16.1285 -2.14037 -5.78187 82.2093 9.85844 60.6863 32.7532 -12.318 13.2639 0.229008 -0.274203 6.82494 0 0.851541 7.12178 0 1.37938 2.94603 -2.35863 -8.89764 
7083926000000 16.1285 -2.14037 -5.78187 82.2093 9.85844 60.6863 32.7532 -12.318 13.2639 0.229008 -0.274203 6.82494 0 0.851541 7.12178 0 1.37938 2.94603 -2.35863 -8.89764 
7083932000000 16.1285 -2.14037 -5.78187 82.2093 9.85844 60.6863 32.7532 -12.318 13.2639 0.229008 -0.274203 6.82494 0 0.851541 7.12178 0 1.37938 2.94603 -2.35863 -8.89764 
7083976000000 16.1285 -2.14037 -5.78187 82.2093 9.85844 60.6863 32.7532 -12.318 13.2639 0.229008 -0.274203 6.82494 0 0.851541 7.12178 0 1.37938 2.94603 -2.35863 -8.89764 
7084026000000 16.1285 -2.14037 -5.78187 82.2093 9.85844 60.6863 32.7532 -12.318 13.2639 0.229008 -0.274203 6.82494 0 0.851541 7.12178 0 1.37938 2.94603 -2.35863 -8.89764 
7084029000000 16.1285 -2.14037 -5.78187 82.2093 9.85844 60.6863 32.7532 -12.318 13.2639 0.229008 -0.274203 6.82494 0 0.851541 7.12178 0 1.37938 2.94603 -2.35863 -8.89764 
7084084000000 16.1285 -2.14037 -5.78187 82.2093 9.85844 60.6863 32.7532 -12.544 13.2639 0.229008 -0.274203 6.82494 0 0.851541 7.12178 0 1.37938 2.94603 -2.35863 -8.89764 
7084126000000 16.1285 -2.14037 -5.78187 82.2093 9.85844 60.6863 32.7532 -12.544 13.2639 0.229008 -0.274203 6.82494 0 0.851541 7.12178 0 1.37938 2.94603 -2.35863 -8.89764 
7084176000000 16.1285 -2.14037 -5.78187 82.2093 9.85844 60.6863 32.7532 -12.544 13.2639 0.229008 -0.274203 6.82494 0 0.851541 8.51346 0 1.37938 2.94603 -4.64925 -8.89764 
7084226000000 16.1285 -2.14037 -5.78187 82.2093 9.85844 60.6863 32.7532 -12.544 13.2639 0.229008 -0.274203 6.82494 0 0.851541 8.51346 0 1.37938 2.94603 -2.35863 -8.89764 
7084244000000 16.1285 -2.14037 -5.78187 82.2093 9.85844 60.6863 32.7532 -12.544 13.2639 0.229008 -0.274203 6.82494 0 0.851541 8.51346 0 1.37938 2.94603 -2.35863 -8.89764 
7084286000000 16.1285 -2.14037 -5.78187 82.2093 9.85844 59.3826 32.7532 -12.544 13.2639 1.39947 -0.274203 6.82494 0 0.851541 8.51346 0 1.37938 2.94603 -2.35863 -8.89764 
7084326000000 16.1285 -2.14037 -5.78187 82.2093 9.85844 59.3826 32.7532 -12.0921 13.2639 1.39947 -0.216316 6.82494 0 0.972584 8.51346 0 1.70033 2.94603 -2.35863 -8.89764 
7084376000000 16.1285 -2.14037 -5.78187 82.2093 9.85844 59.3826 33.5981 -12.0921 13.2639 1.39947 -0.216316 6.82494 0 0.972584 8.51346 0 1.70033 2.94603 -2.35863 -8.89764 
7084393000000 16.1285 -2.14037 -5.78187 82.2093 9.85844 59.3826 33.5981 -12.0921 13.2639 1.39947 -0.216316 6.82494 0 0.985961 8.51346 0 1.73723 2.94603 -2.35863 -8.72266 
7084437000000 16.1285 -1.63673 -5.63509 82.2093 9.85844 59.3826 33.5981 -12.0921 15.6139 1.39947 -0.216316 6.82494 0 0.985961 8.51346 0 1.73723 2.94603 -2.35863 -8.72266 
7084476000000 16.1285 -1.63673 -5.63509 82.2093 9.85844 59.3826 33.5981 -12.0921 14.4389 1.39947 -0.216316 8.21598 0 0.985961 8.51346 0 1.73723 2.94603 -1.78597 -8.72266 
7084511000000 16.1285 -1.63673 -5.51805 82.8618 9.85844 59.3826 33.5981 -12.0921 14.4389 2.56995 -0.216316 8.21598 0 0.985961 8.51346 0 1.73723 2.94603 -1.78597 -8.72266 
7084546000000 16.1285 -1.63673 -5.51805 82.8618 9.85844 59.3826 33.5981 -12.0921 14.4389 2.56995 -0.216316 8.21598 0 0.985961 8.51346 0 1.73723 2.94603 -3.50394 -8.72266 
7084579000000 16.1285 -1.63673 -5.51805 82.8618 9.85844 59.3826 33.5981 -12.0921 14.4389 2.56995 -0.216316 8.21598 0 0.985961 8.51346 0 1.73723 2.94603 -1.78597 -8.72266 
7084627000000 16.1285 -1.63673 -5.51805 82.8618 9.85844 59.3826 33.5981 -12.0921 14.4389 2.56995 -0.216316 8.21598 0 0.985961 8.51346 0 1.73723 2.94603 -1.78597 -8.72266 
7084676000000 16.1285 -1.63673 -5.51805 82.8618 9.85844 59.3826 33.5981 -12.0921 14.4389 2.56995 -0.216316 8.21598 0 0.985961 8.51346 0 1.73723 2.94603 -1.78597 -8.72266 
7084713000000 16.1285 -1.63673 -5.51805 82.8618 9.85844 59.3826 33.5981 -12.0921 14.4389 2.56995 -0.216316 8.21598 0 0.985961 8.51346 0 1.73723 2.94603 -1.78597 -8.72266 
7084734000000 16.1285 -1.63673 -5.51805 82.8618 9.85844 59.3826 33.5981 -12.0921 14.4389 2.56995 -0.216316 8.21598 0 0.985961 8.51346 0 1.73723 2.94603 -1.78597 -8.72266 
7084776000000 16.1285 -1.63673 -5.51805 82.8618 9.85844 58.0789 33.5981 -12.0921 14.4389 2.56995 -0.216316 8.21598 0 0.985961 8.51346 0 1.73723 2.94603 -1.78597 -8.72266 
7084802000000 16.1285 -1.63673 -5.51805 82.8618 9.85844 58.0789 33.5981 -12.0921 14.4389 2.56995 -0.216316 8.21598 0 0.985961 8.51346 0 1.73723 2.94603 -1.78597 -8.72266 
7084839000000 16.1285 -1.63673 -5.51805 82.8618 9.85844 58.0789 33.5981 -12.0921 14.4389 2.56995 -0.216316 8.21598 0 0.985961 8.51346 0 1.73723 2.94603 -1.78597 -8.72266 
7084876000000 16.1285 -1.63673 -5.51805 82.8618 9.85844 58.0789 33.5981 -12.318 14.4389 2.56995 -0.216316 8.21598 0 0.985961 8.51346 0 1.73723 2.94603 -2.93128 -8.72266 
7084889000000 16.1285 -1.63673 -5.51805 82.8618 9.85844 58.0789 33.5981 -12.318 14.4389 2.56995 -0.216316 8.21598 0 0.985961 8.51346 0 1.73723 2.94603 -1.78597 -8.72266 
7084926000000 16.1285 -1.63673 -5.51805 82.8618 9.85844 58.0789 33.5981 -12.318 14.4389 2.56995 -0.216316 8.21598 0 0.985961 8.51346 0 1.73723 2.94603 -1.78597 -8.72266 
7084957000000 15.7081 -1.63673 -5.51805 82.8618 9.85844 58.0789 33.5981 -12.318 14.4389 2.56995 -0.216316 8.21598 0 0.985961 8.51346 0 1.73723 2.94603 -1.78597 -8.72266 
7084979000000 15.7081 -1.63673 -5.51805 82.8618 9.85844 58.0789 33.5981 -12.318 14.4389 2.56995 -0.216316 8.21598 0 0.985961 8.51346 0 1.73723 2.94603 -1.78597 -8.72266 
7084995000000 15.7081 -1.63673 -5.51805 82.8618 9.85844 58.0789 33.5981 -12.318 14.4389 2.56995 -0.216316 8.21598 0 0.985961 8.51346 0 1.73723 2.94603 -1.78597 -8.72266 
7085024000000 15.7081 -1.63673 -5.51805 82.8618 9.85844 58.0789 33.5981 -12.318 14.4389 2.56995 -0.216316 8.21598 0 0.985961 8.51346 0 1.73723 2.94603 -1.78597 -8.54768 
7085077000000 15.7081 -1.63673 -5.51805 82.8618 9.85844 58.0789 33.5981 -12.318 14.4389 2.56995 -0.216316 8.21598 0 0.985961 8.51346 0 1.73723 2.94603 -1.78597 -8.54768 
7085126000000 15.7081 -1.63673 -5.51805 82.8618 9.85844 58.0789 33.5981 -12.318 14.4389 2.56995 -0.216316 8.21598 0 0.985961 8.51346 0 1.73723 2.94603 -3.50394 -8.54768 
7085134000000 15.7081 -1.63673 -5.51805 82.8618 9.85844 58.0789 33.5981 -12.318 14.4389 2.56995 -0.216316 8.21598 0 0.985961 8.51346 0 1.73723 2.94603 -1.78597 -8.54768 
7085176000000 15.7081 -1.63673 -5.51805 82.8618 9.85844 58.0789 33.5981 -12.318 14.4389 2.56995 -0.216316 8.21598 0 0.985961 8.51346 0 1.73723 2.94603 -1.78597 -8.3727 
7085205000000 15.7081 -1.63673 -5.51805 82.8618 9.85844 58.0789 33.5981 -12.318 14.4389 2.56995 -0.216316 8.21598 0 0.985961 8.51346 0 1.73723 2.94603 -1.78597 -8.3727 
7085227000000 15.7081 -1.63673 -5.51805 82.8618 9.85844 58.0789 33.5981 -12.318 14.4389 2.56995 -0.216316 8.21598 0 0.985961 8.51346 0 1.73723 2.94603 -1.78597 -8.3727 
7085276000000 15.7081 -1.63673 -5.51805 82.8618 9.85844 58.0789 33.5981 -12.318 14.4389 2.56995 -0.216316 8.21598 0 0.985961 8.51346 0 1.73723 2.94603 -1.78597 -8.3727 
7085326000000 15.7081 -1.63673 -5.51805 82.8618 9.85844 58.0789 33.5981 -12.318 14.4389 2.56995 -0.216316 8.21598 0 0.985961 8.51346 0 1.73723 2.94603 -2.93128 -8.3727 
7085376000000 15.7081 -1.63673 -5.51805 82.8618 9.85844 58.0789 33.5981 -12.318 14.4389 2.56995 -0.216316 8.21598 0 0.985961 8.51346 0 1.73723 2.94603 -1.78597 -8.3727 
