#time#THJ1#THJ2#THJ3#THJ4#THJ5#FFJ0#FFJ3#FFJ4#MFJ0#MFJ3#MFJ4#RFJ0#RFJ3#RFJ4#LFJ0#LFJ3#LFJ4#LFJ5#WRJ1#WRJ2
3011753000000 9.82287 3.39963 -11.424 41.75 -7.87643 2.01862 0 -9.6066 6.21374 0 -1.54771 1.26077 0 -2.17257 0 8.76716 -6.67785 2.94603 9.09449 -11.1724 
3011801000000 9.82287 3.39963 -11.424 41.75 -7.87643 2.01862 0 -9.6066 6.21374 0 -1.54771 1.26077 0 -2.17257 0 8.76716 -6.67785 2.94603 9.09449 -11.1724 
3011826000000 9.82287 3.39963 -11.424 41.75 -7.87643 2.01862 0 -9.6066 6.21374 0 -1.54771 1.26077 0 -2.17257 0 8.76716 -6.67785 2.94603 9.09449 -11.1724 
3011876000000 9.82287 3.39963 -11.424 41.75 -7.87643 2.01862 0 -9.6066 6.21374 0 -1.54771 1.26077 0 -2.17257 0 8.76716 -6.67785 2.94603 9.09449 -11.1724 
3011926000000 9.82287 3.39963 -11.424 41.75 -7.87643 2.01862 0 -9.6066 6.21374 0 -1.54771 1.26077 0 -2.17257 0 8.76716 -6.67785 2.94603 9.09449 -10.8224 
3011976000000 9.82287 3.39963 -11.424 41.75 -7.87643 2.01862 0 -9.6066 6.21374 0 -1.54771 1.26077 0 -2.17257 0 8.76716 -6.67785 2.94603 9.09449 -10.8224 
3012010000000 9.82287 3.39963 -11.424 41.75 -7.87643 2.01862 0 -9.6066 6.21374 0 -1.54771 1.26077 0 -2.17257 0 8.76716 -6.67785 2.94603 9.09449 -10.8224 
3012026000000 9.82287 3.39963 -11.424 41.75 -7.87643 2.01862 0 -9.6066 6.21374 0 -1.54771 1.26077 0 -2.17257 0 8.76716 -6.67785 2.94603 9.09449 -10.6474 
3012076000000 9.82287 3.39963 -11.424 41.75 -7.87643 2.01862 0 -9.6066 6.21374 0 -1.54771 1.26077 0 -2.17257 0 8.76716 -6.67785 2.94603 9.09449 -10.4724 
3012092000000 9.82287 3.39963 -11.424 41.75 -7.87643 2.01862 0 -9.6066 6.21374 0 -1.54771 1.26077 0 -2.17257 0 8.76716 -6.67785 2.94603 9.09449 -10.6474 
3012126000000 9.82287 3.39963 -11.424 41.75 -7.87643 2.01862 0 -9.6066 6.21374 0 -1.54771 1.26077 0 -2.17257 0 8.76716 -6.67785 2.94603 9.09449 -10.6474 
3012151000000 9.82287 3.39963 -11.424 41.75 -7.87643 2.01862 0 -9.6066 6.21374 0 -1.54771 1.26077 0 -2.17257 0 8.76716 -6.67785 2.94603 9.09449 -10.6474 
3012177000000 9.82287 3.39963 -11.424 41.75 -7.87643 2.01862 0 -9.6066 6.21374 0 -1.54771 1.26077 0 -2.17257 0 8.76716 -6.67785 2.94603 9.09449 -10.6474 
3012227000000 9.82287 3.39963 -11.424 41.75 -7.87643 2.01862 0 -9.6066 6.21374 0 -1.54771 1.26077 0 -2.17257 0 8.76716 -6.67785 2.94603 9.09449 -10.2975 
3012276000000 9.82287 3.39963 -11.424 41.75 -7.87643 2.01862 0 -9.6066 6.21374 0 -1.54771 1.26077 0 -2.17257 0 8.76716 -6.67785 2.94603 9.09449 -10.2975 
3012295000000 9.82287 3.39963 -11.424 41.75 -7.87643 2.01862 0 -9.6066 6.21374 0 -1.54771 1.26077 0 -2.17257 0 8.76716 -6.67785 2.94603 9.09449 -10.2975 
3012326000000 9.82287 3.39963 -11.424 41.75 -7.87643 2.01862 0 -9.6066 6.21374 0 -1.54771 1.26077 0 -2.17257 0 8.76716 -6.67785 2.94603 9.09449 -10.4724 
3012341000000 9.82287 3.39963 -11.424 41.75 -7.87643 2.01862 0 -9.6066 6.21374 0 -1.54771 1.26077 0 -2.17257 0 8.76716 -6.67785 2.94603 9.09449 -10.4724 
3012376000000 9.82287 3.39963 -11.424 41.75 -7.87643 2.01862 0 -9.6066 6.21374 0 -1.54771 1.26077 0 -2.17257 0 8.76716 -6.67785 2.94603 9.09449 -10.4724 
3012426000000 9.82287 3.39963 -11.424 41.75 -7.43306 2.01862 0 -9.6066 6.21374 0 -1.54771 1.26077 0 -2.17257 0 8.76716 -6.67785 2.94603 9.09449 -10.4724 
3012474000000 9.82287 3.39963 -11.424 41.75 -7.43306 3.32234 0 -9.6066 6.21374 0 -1.54771 1.26077 0 -2.17257 0 8.76716 -6.67785 2.94603 9.09449 -10.4724 
3012482000000 9.82287 3.39963 -11.307 42.4026 -7.43306 3.32234 0 -9.6066 6.21374 0 -1.54771 1.26077 0 -2.17257 0 8.76716 -6.67785 2.94603 9.09449 -10.4724 
3012526000000 9.82287 3.39963 -11.307 42.4026 -7.43306 3.32234 0 -9.6066 6.21374 0 -1.54771 1.26077 0 -2.17257 0 8.76716 -6.67785 2.94603 9.09449 -10.4724 
3012545000000 9.82287 3.39963 -11.307 42.4026 -7.43306 3.32234 0 -9.6066 6.21374 0 -1.54771 1.26077 0 -2.17257 0 8.76716 -6.67785 2.94603 9.09449 -10.4724 
3012576000000 9.82287 3.39963 -11.307 42.4026 -7.43306 3.32234 0 -9.6066 6.21374 0 -1.54771 0 0 -2.17257 0 8.76716 -6.67785 2.94603 9.09449 -10.4724 
3012640000000 9.82287 3.39963 -11.307 42.4026 -7.43306 3.32234 0 -9.6066 6.21374 0 -1.54771 0 0 -2.17257 0 8.76716 -6.67785 2.94603 7.94918 -10.4724 
3012676000000 9.82287 3.39963 -11.307 42.4026 -7.43306 3.32234 0 -9.6066 6.21374 0 -1.54771 0 0 -2.17257 0 7.91501 -6.67785 2.94603 9.09449 -10.4724 
3012699000000 9.82287 3.39963 -11.307 42.4026 -7.43306 3.32234 0 -9.6066 6.21374 0 -1.54771 0 0 -2.17257 0 7.91501 -6.67785 2.94603 8.52183 -10.4724 
3012726000000 9.82287 3.39963 -11.307 42.4026 -7.43306 3.32234 0 -9.6066 6.21374 0 -1.54771 0 0 -2.17257 0 7.91501 -6.67785 2.94603 9.09449 -10.4724 
3012743000000 9.82287 3.39963 -11.307 42.4026 -7.43306 3.32234 0 -9.6066 6.21374 0 -1.54771 0 0 -2.17257 0 7.91501 -6.67785 2.94603 8.52183 -10.4724 
3012779000000 9.82287 3.39963 -11.307 42.4026 -7.43306 3.32234 0 -9.6066 6.21374 0 -1.54771 0 0 -2.17257 0 7.91501 -6.67785 2.94603 8.52183 -10.4724 
3012834000000 9.82287 3.39963 -11.307 42.4026 -7.43306 3.32234 0 -9.6066 6.21374 0 -1.54771 0 0 -2.17257 0 7.91501 -6.67785 2.94603 9.09449 -10.4724 
3012876000000 9.82287 3.39963 -11.307 42.4026 -7.43306 3.32234 0 -9.6066 6.21374 0 -1.54771 0 0 -2.17257 0 7.91501 -6.67785 2.94603 8.52183 -10.4724 
3012926000000 9.82287 3.39963 -11.307 42.4026 -7.43306 3.32234 0 -9.6066 6.21374 0 -1.54771 0 0 -2.17257 0 7.91501 -6.67785 2.94603 8.52183 -10.4724 
3012927000000 9.82287 3.39963 -11.307 42.4026 -7.43306 3.32234 0 -9.6066 6.21374 0 -1.54771 0 0 -2.17257 0 7.91501 -6.67785 2.94603 8.52183 -10.4724 
3012972000000 9.82287 3.39963 -11.307 42.4026 -7.43306 3.32234 0 -9.6066 6.21374 0 -1.54771 0 0 -2.17257 0 7.91501 -6.67785 2.94603 8.52183 -10.4724 
3012983000000 9.82287 3.39963 -11.307 42.4026 -7.43306 3.32234 0 -9.6066 6.21374 0 -1.54771 0 0 -2.17257 0 7.91501 -6.67785 2.94603 7.37652 -10.4724 
3013030000000 9.82287 3.39963 -11.307 42.4026 -7.43306 3.32234 0 -9.6066 6.21374 0 -1.54771 0 0 -2.17257 0 7.91501 -6.67785 2.94603 9.09449 -10.4724 
3013076000000 9.82287 3.39963 -11.307 42.4026 -7.43306 3.32234 0 -9.6066 6.21374 0 -1.54771 0 0 -2.17257 0 7.91501 -6.67785 2.94603 8.52183 -10.4724 
3013080000000 9.82287 3.39963 -11.307 42.4026 -7.21137 3.32234 0 -9.6066 6.21374 0 -1.54771 0 0 -2.17257 0 7.91501 -6.67785 2.94603 7.37652 -10.4724 
3013126000000 9.82287 3.39963 -11.307 42.4026 -7.21137 3.32234 0 -9.6066 6.21374 0 -1.54771 0 0 -2.17257 0 7.91501 -6.67785 2.94603 9.09449 -10.4724 
3013162000000 9.82287 3.39963 -11.307 42.4026 -7.21137 3.32234 0 -9.6066 6.21374 0 -1.54771 0 0 -2.17257 0 7.91501 -6.67785 2.94603 9.09449 -10.4724 
3013189000000 9.82287 3.39963 -11.307 42.4026 -6.54632 3.32234 0 -9.6066 6.21374 0 -1.54771 0 0 -2.14582 0 7.91501 -6.60404 2.94603 9.09449 -10.8224 
3013252000000 9.82287 1.38508 -11.3089 45.6654 -5.88126 3.32234 0 -8.70279 6.21374 0 -1.72137 0 0 -2.46882 0 7.91501 -7.45617 2.94603 6.23121 -11.8723 
3013276000000 9.82287 -0.125825 -11.3981 47.6231 -5.65957 5.92979 0 -8.25088 6.21374 0 -1.72137 0 0 -2.46882 0 7.91501 -7.45617 2.94603 5.0859 -12.2222 
3013287000000 8.98212 -0.62946 -10.8426 51.5386 -5.2162 5.92979 0 -8.02493 6.21374 0 -1.72137 0 0 -2.45544 0 7.91501 -7.41926 2.94603 5.0859 -12.2222 
3013326000000 8.56175 -1.1331 -10.4041 54.8014 -4.55114 4.62607 0 -8.25088 6.21374 0 -1.77926 0 0 -2.56311 0 7.91501 -7.7033 2.94603 5.0859 -12.2222 
3013335000000 8.14137 -1.1331 -10.17 56.1065 -4.32946 4.62607 0 -8.25088 6.21374 0 -1.83715 0 0 -2.68415 0 7.91501 -8.02425 2.94603 5.0859 -12.2222 
3013376000000 7.30062 -0.62946 -9.32101 60.0219 -3.22103 4.62607 0 -8.70279 6.21374 0 -1.95292 0 0 -2.92624 0 7.91501 -8.66615 2.94603 6.23121 -11.6973 
3013430000000 6.0395 -0.62946 -8.38467 65.2425 -1.66923 2.01862 0 -9.6066 6.21374 0 -2.12658 0 0 -3.28936 0 12.1758 -9.62899 2.94603 6.80387 -11.1724 
3013476000000 5.61913 -1.1331 -7.94623 68.5053 -0.560796 2.01862 0 -10.2845 8.56379 0 -2.24235 2.65181 0 -3.53145 0 14.7322 -10.2709 2.94603 6.80387 -10.9974 
3013519000000 4.77837 -2.14037 -7.88864 70.463 0.104261 2.01862 0 -10.7364 10.9138 0 -2.30024 5.4339 0 -3.69262 0 14.7322 -10.7025 2.94603 7.37652 -10.8224 
3013550000000 3.51725 -2.644 -7.91837 71.1156 0.325947 2.01862 0 -10.9623 12.0889 0 -2.53179 6.82494 0 -4.17679 0 16.4365 -11.9863 2.94603 8.52183 -10.9974 
3013576000000 2.6765 -3.14764 -7.9481 71.7682 0.769319 4.62607 0 -10.9623 16.789 0 -2.70545 10.9981 2.75377 -4.51317 0 21.5494 -12.8754 2.94603 7.94918 -11.1724 
3013623000000 2.25613 -3.65127 -7.97783 72.4207 0.547633 7.23352 0 -10.5104 20.314 0 -2.64756 13.7801 8.18743 -4.37875 0.163366 24.1059 -12.5175 2.94603 8.52183 -11.1724 
3013666000000 1.83575 -3.65127 -7.97783 72.4207 0.325947 12.4484 0 -8.47683 25.0141 4.91088 -2.35813 17.9533 15.4323 -3.74678 4.33841 26.6623 -10.839 2.94603 7.37652 -11.3473 
3013682000000 1.83575 -3.65127 -7.97783 72.4207 0.104261 16.3596 0 -7.34707 27.3642 7.25181 -2.12658 20.7354 17.2435 -3.26261 7.12178 28.3666 -9.55518 2.94603 6.80387 -10.9974 
3013726000000 1.41538 -3.65127 -7.97783 72.4207 0.325947 20.2708 0 -6.2173 29.7142 11.9337 -1.95292 24.9085 22.6772 -2.89948 11.2968 30.9231 -8.59234 2.94603 4.51324 -10.9974 
3013732000000 1.83575 -3.65127 -7.74375 73.7259 0.547633 28.0932 0 -5.53945 34.4143 14.2746 -1.77926 29.0816 26.2997 -2.53635 16.8636 31.7752 -7.6295 2.94603 4.51324 -10.6474 
3013777000000 1.83575 -3.65127 -7.74375 73.7259 0.769319 34.6118 1.49238 -4.63563 39.1144 16.6155 -1.6056 34.6458 29.9221 -2.17322 25.2137 32.6274 -6.66666 2.94603 2.79527 -10.6474 
3013826000000 2.25613 -3.65127 -7.6267 74.3784 0.991005 39.8267 4.87192 -4.18373 42.6395 20.1269 -1.54771 40.21 33.5446 -2.05218 34.9554 32.6274 -6.34571 2.94603 1.64996 -10.6474 
3013855000000 2.6765 -3.65127 -7.50966 75.031 1.65606 54.1677 9.94124 -3.73182 49.6896 23.6384 -1.43194 48.5562 40.7895 -1.76997 54.439 34.3317 -5.59311 2.94603 -1.78597 -10.6474 
3013889000000 2.6765 -3.65127 -7.39262 75.6836 1.87775 61.9901 12.4759 -3.73182 54.3897 25.9793 -1.25828 52.7293 42.6007 -1.38008 64.1808 35.1838 -4.55646 2.94603 -3.50394 -10.6474 
3013930000000 4.358 -3.65127 -7.27557 76.3361 2.32112 65.9012 16.7003 -3.73182 56.7398 30.6611 -1.1425 55.5114 49.8456 -1.138 69.7475 36.8881 -3.91457 2.94603 -5.2219 -10.6474 
3013976000000 6.0395 -5.16218 -7.59885 76.9887 2.32112 69.8124 20.0799 -3.73182 57.9148 34.1725 -1.02673 56.9025 57.0905 -0.909289 75.3142 40.2967 -3.30958 2.94603 -6.36722 -10.6474 
3013999000000 9.4025 -5.16218 -7.59885 76.9887 1.87775 71.1161 22.6146 -3.05396 56.7398 38.8544 -0.968844 58.2935 66.1466 -0.761493 79.4893 43.7053 -2.91482 2.94603 -9.23049 -10.9974 
3014030000000 11.084 -5.16218 -7.59885 76.9887 1.21269 69.8124 25.1492 -3.05396 55.5647 42.3658 -0.968844 58.2935 71.5802 -0.748116 80.881 46.2618 -2.87792 2.94603 -9.23049 -11.1724 
3014076000000 11.9247 -5.16218 -7.59885 76.9887 0.547633 69.8124 26.839 -2.82801 53.2147 44.7068 -0.910957 58.2935 77.0139 -0.613696 80.881 47.1139 -2.52007 2.94603 -9.80315 -10.9974 
3014080000000 13.1859 -4.15491 -7.3053 76.9887 -0.117424 68.5087 28.5288 -2.60206 52.0397 48.2182 -0.795184 58.2935 80.6364 -0.344857 82.2727 48.8182 -1.80437 2.94603 -9.80315 -11.1724 
3014126000000 13.6062 -3.65127 -7.15853 76.9887 -0.560796 67.205 30.2185 -2.60206 50.8646 50.5591 -0.737297 58.2935 82.4476 -0.210438 83.6643 49.6704 -1.44651 2.94603 -9.80315 -11.1724 
3014176000000 14.0266 -3.65127 -7.15853 76.9887 -0.33911 65.9012 31.0634 -2.60206 50.8646 50.5591 -0.737297 58.2935 82.4476 -0.210438 83.6643 49.6704 -1.44651 2.94603 -9.80315 -11.5223 
3014184000000 14.447 -3.65127 -7.15853 76.9887 -0.117424 63.2938 31.0634 -2.60206 50.8646 50.5591 -0.795184 56.9025 84.2588 -0.344857 85.056 48.8182 -1.80437 2.94603 -8.65784 -12.2222 
3014226000000 14.447 -3.65127 -7.15853 76.9887 -0.117424 63.2938 31.0634 -3.05396 50.8646 50.5591 -0.795184 56.9025 84.2588 -0.344857 85.056 48.8182 -1.80437 2.94603 -9.23049 -12.3972 
3014240000000 14.447 -3.65127 -7.15853 76.9887 0.104261 63.2938 31.0634 -3.50587 50.8646 50.5591 -0.85307 56.9025 84.2588 -0.4659 85.056 48.8182 -2.12531 2.94603 -8.65784 -12.2222 
3014277000000 14.447 -3.65127 -7.15853 76.9887 0.104261 63.2938 31.0634 -3.27992 50.8646 50.5591 -0.85307 56.9025 84.2588 -0.4659 85.056 48.8182 -2.12531 2.94603 -8.65784 -12.0472 
3014326000000 14.447 -3.65127 -7.15853 76.9887 0.104261 63.2938 31.0634 -3.27992 50.8646 50.5591 -0.795184 56.9025 84.2588 -0.344857 85.056 48.8182 -1.80437 2.94603 -8.65784 -11.8723 
3014344000000 14.447 -3.65127 -7.15853 76.9887 0.104261 63.2938 31.0634 -3.27992 50.8646 50.5591 -0.85307 56.9025 84.2588 -0.4659 85.056 48.8182 -2.12531 2.94603 -8.65784 -11.6973 
3014378000000 14.447 -3.65127 -7.15853 76.9887 0.104261 63.2938 31.0634 -3.27992 50.8646 50.5591 -0.795184 56.9025 84.2588 -0.344857 85.056 48.8182 -1.80437 2.94603 -8.65784 -11.6973 
3014426000000 14.447 -3.65127 -7.15853 76.9887 0.104261 63.2938 30.2185 -3.27992 50.8646 50.5591 -0.85307 56.9025 84.2588 -0.4659 85.056 48.8182 -2.12531 2.94603 -8.65784 -11.8723 
3014442000000 14.447 -3.65127 -7.15853 76.9887 0.104261 63.2938 30.2185 -3.27992 50.8646 49.3886 -0.85307 55.5114 84.2588 -0.4659 85.056 48.8182 -2.12531 2.94603 -9.80315 -11.6973 
3014476000000 14.447 -3.65127 -7.15853 76.9887 0.104261 63.2938 30.2185 -3.27992 50.8646 49.3886 -0.85307 55.5114 84.2588 -0.4659 85.056 48.8182 -2.12531 2.94603 -8.65784 -11.6973 
3014503000000 14.447 -3.65127 -7.15853 76.9887 0.104261 63.2938 30.2185 -3.50587 50.8646 49.3886 -0.85307 55.5114 84.2588 -0.4659 85.056 48.8182 -2.12531 2.94603 -8.65784 -11.6973 
3014532000000 14.447 -3.65127 -7.15853 76.9887 0.104261 63.2938 30.2185 -3.50587 52.0397 49.3886 -0.85307 55.5114 82.4476 -0.4659 83.6643 48.8182 -2.12531 2.94603 -8.65784 -11.6973 
3014576000000 14.447 -3.65127 -7.15853 76.9887 0.104261 63.2938 30.2185 -3.50587 52.0397 49.3886 -0.85307 55.5114 82.4476 -0.492653 83.6643 48.8182 -2.19912 2.94603 -9.80315 -11.6973 
3014602000000 14.447 -3.65127 -7.15853 76.9887 -0.117424 63.2938 30.2185 -3.50587 52.0397 49.3886 -0.85307 55.5114 82.4476 -0.492653 83.6643 48.8182 -2.19912 2.94603 -9.80315 -11.6973 
3014626000000 14.0266 -3.65127 -7.15853 76.9887 -0.117424 63.2938 30.2185 -3.50587 52.0397 48.2182 -0.85307 55.5114 82.4476 -0.492653 83.6643 48.8182 -2.19912 2.94603 -8.08518 -11.6973 
3014676000000 14.0266 -3.65127 -7.15853 76.9887 -0.117424 63.2938 31.0634 -3.50587 52.0397 48.2182 -0.85307 55.5114 82.4476 -0.492653 83.6643 48.8182 -2.19912 2.94603 -10.3758 -11.3473 
3014726000000 14.0266 -3.65127 -7.15853 76.9887 -0.117424 63.2938 31.0634 -3.50587 52.0397 48.2182 -0.85307 55.5114 82.4476 -0.492653 83.6643 48.8182 -2.19912 2.94603 -8.08518 -11.1724 
3014748000000 14.0266 -3.65127 -7.15853 76.9887 -0.117424 63.2938 31.0634 -3.50587 52.0397 48.2182 -0.85307 55.5114 82.4476 -0.492653 83.6643 48.8182 -2.19912 2.94603 -8.08518 -10.9974 
3014776000000 14.0266 -3.65127 -7.15853 76.9887 -0.117424 63.2938 31.0634 -3.50587 52.0397 48.2182 -0.85307 55.5114 82.4476 -0.492653 83.6643 48.8182 -2.19912 2.94603 -8.65784 -10.9974 
3014792000000 14.0266 -3.65127 -7.27557 76.3361 -0.117424 63.2938 31.0634 -3.50587 52.0397 48.2182 -0.85307 55.5114 82.4476 -0.492653 83.6643 48.8182 -2.19912 2.94603 -8.65784 -10.8224 
3014833000000 14.0266 -3.65127 -7.27557 76.3361 -0.117424 63.2938 31.0634 -3.50587 52.0397 48.2182 -0.85307 55.5114 82.4476 -0.492653 83.6643 48.8182 -2.19912 2.94603 -8.65784 -10.8224 
3014880000000 14.0266 -3.65127 -7.27557 76.3361 -0.117424 63.2938 31.0634 -3.50587 52.0397 48.2182 -0.85307 55.5114 82.4476 -0.492653 83.6643 48.8182 -2.19912 2.94603 -8.65784 -10.8224 
3014914000000 14.0266 -3.65127 -7.27557 76.3361 -0.117424 63.2938 31.0634 -3.50587 52.0397 48.2182 -0.85307 55.5114 82.4476 -0.492653 83.6643 48.8182 -2.19912 2.94603 -8.65784 -10.8224 
3014930000000 14.0266 -3.65127 -7.27557 76.3361 -0.117424 63.2938 31.0634 -3.50587 52.0397 48.2182 -0.85307 55.5114 82.4476 -0.492653 83.6643 48.8182 -2.19912 2.94603 -8.65784 -10.8224 
3014943000000 14.0266 -3.65127 -7.27557 76.3361 -0.117424 63.2938 31.0634 -3.50587 52.0397 48.2182 -0.85307 55.5114 82.4476 -0.492653 83.6643 48.8182 -2.19912 2.94603 -8.65784 -10.4724 
3015026000000 14.0266 -3.65127 -7.27557 76.3361 -0.33911 63.2938 31.0634 -3.50587 52.0397 48.2182 -0.85307 55.5114 82.4476 -0.492653 83.6643 48.8182 -2.19912 2.94603 -8.65784 -10.4724 
3015032000000 14.0266 -3.65127 -7.27557 76.3361 -0.33911 63.2938 31.0634 -3.50587 52.0397 48.2182 -0.85307 55.5114 82.4476 -0.492653 83.6643 48.8182 -2.19912 2.94603 -8.65784 -10.2975 
3015076000000 14.0266 -3.65127 -7.27557 76.3361 -0.33911 63.2938 31.0634 -3.50587 52.0397 48.2182 -0.85307 55.5114 82.4476 -0.492653 83.6643 48.8182 -2.19912 2.94603 -8.65784 -10.2975 
3015126000000 14.0266 -3.65127 -7.27557 76.3361 -0.33911 63.2938 31.0634 -3.50587 52.0397 48.2182 -0.85307 55.5114 82.4476 -0.492653 83.6643 48.8182 -2.19912 2.94603 -8.65784 -10.4724 
3015172000000 13.6062 -3.65127 -7.27557 76.3361 -0.33911 63.2938 31.0634 -3.50587 52.0397 48.2182 -0.85307 55.5114 82.4476 -0.492653 83.6643 48.8182 -2.19912 2.94603 -8.65784 -10.4724 
3015177000000 13.6062 -3.65127 -7.27557 76.3361 -0.33911 63.2938 31.0634 -3.50587 52.0397 48.2182 -0.85307 55.5114 82.4476 -0.492653 83.6643 49.6704 -2.19912 2.94603 -8.65784 -10.4724 
3015226000000 13.6062 -3.65127 -7.27557 76.3361 -0.33911 63.2938 31.0634 -3.50587 52.0397 48.2182 -0.85307 55.5114 82.4476 -0.492653 82.2727 49.6704 -2.19912 2.94603 -9.80315 -10.4724 
3015240000000 13.6062 -3.65127 -7.27557 76.3361 -0.33911 63.2938 31.0634 -3.50587 52.0397 48.2182 -0.85307 55.5114 82.4476 -0.50603 82.2727 49.6704 -2.23602 2.94603 -8.65784 -10.4724 
3015276000000 13.6062 -3.65127 -7.27557 76.3361 -0.33911 63.2938 31.0634 -3.50587 52.0397 48.2182 -0.85307 55.5114 82.4476 -0.50603 82.2727 49.6704 -2.23602 2.94603 -8.65784 -10.4724 
3015326000000 13.6062 -3.65127 -7.27557 76.3361 -0.33911 63.2938 31.0634 -3.50587 52.0397 48.2182 -0.85307 55.5114 82.4476 -0.50603 82.2727 49.6704 -2.23602 2.94603 -8.08518 -10.4724 
3015328000000 13.6062 -3.65127 -7.27557 76.3361 -0.33911 63.2938 31.0634 -3.50587 52.0397 48.2182 -0.85307 55.5114 82.4476 -0.50603 82.2727 49.6704 -2.23602 2.94603 -8.08518 -10.4724 
3015353000000 13.6062 -4.15491 -7.42235 76.3361 -0.117424 63.2938 31.0634 -3.50587 52.0397 48.2182 -0.85307 55.5114 82.4476 -0.50603 82.2727 49.6704 -2.23602 2.94603 -8.65784 -10.4724 
3015386000000 13.6062 -4.15491 -7.42235 76.3361 -0.117424 63.2938 31.0634 -3.50587 52.0397 48.2182 -0.85307 55.5114 82.4476 -0.50603 82.2727 49.6704 -2.23602 2.94603 -8.08518 -10.4724 
3015437000000 13.6062 -4.15491 -7.42235 76.3361 -0.117424 63.2938 31.0634 -3.50587 52.0397 48.2182 -0.85307 55.5114 82.4476 -0.50603 82.2727 49.6704 -2.23602 2.94603 -8.08518 -10.1225 
3015476000000 13.6062 -4.15491 -7.42235 76.3361 -0.117424 63.2938 31.0634 -3.50587 52.0397 48.2182 -0.85307 55.5114 82.4476 -0.50603 82.2727 49.6704 -2.23602 2.94603 -8.65784 -10.1225 
3015502000000 13.6062 -4.15491 -7.42235 76.3361 -0.117424 63.2938 31.9083 -3.50587 52.0397 48.2182 -0.85307 55.5114 82.4476 -0.50603 82.2727 49.6704 -2.23602 2.94603 -8.65784 -10.1225 
3015529000000 13.6062 -3.65127 -7.27557 76.3361 -0.117424 63.2938 31.9083 -3.50587 52.0397 48.2182 -0.85307 55.5114 82.4476 -0.50603 82.2727 49.6704 -2.23602 2.94603 -8.65784 -10.1225 
3015571000000 13.6062 -3.65127 -7.27557 76.3361 -0.117424 63.2938 31.9083 -3.50587 52.0397 48.2182 -0.85307 55.5114 82.4476 -0.50603 80.881 49.6704 -2.23602 2.94603 -8.65784 -10.1225 
3015599000000 13.6062 -3.65127 -7.27557 76.3361 -0.117424 63.2938 31.9083 -3.50587 52.0397 48.2182 -0.85307 55.5114 82.4476 -0.50603 80.881 49.6704 -2.23602 2.94603 -8.65784 -10.1225 
3015626000000 13.6062 -3.65127 -7.27557 76.3361 -0.117424 63.2938 31.9083 -3.50587 52.0397 48.2182 -0.85307 55.5114 82.4476 -0.50603 80.881 49.6704 -2.23602 2.94603 -8.65784 -10.1225 
3015651000000 13.6062 -3.65127 -7.27557 76.3361 -0.117424 63.2938 31.9083 -3.50587 52.0397 48.2182 -0.85307 55.5114 82.4476 -0.50603 80.881 49.6704 -2.23602 2.94603 -8.65784 -10.1225 
3015678000000 13.6062 -3.65127 -7.27557 76.3361 -0.117424 63.2938 31.9083 -3.50587 52.0397 48.2182 -0.85307 55.5114 82.4476 -0.50603 80.881 49.6704 -2.23602 2.94603 -8.65784 -10.1225 
3015740000000 13.1859 -3.65127 -7.27557 76.3361 -0.117424 61.9901 31.9083 -3.50587 52.0397 48.2182 -0.85307 55.5114 82.4476 -0.50603 80.881 49.6704 -2.23602 2.94603 -8.65784 -10.1225 
3015782000000 13.1859 -3.65127 -7.27557 76.3361 -0.117424 61.9901 31.9083 -3.50587 52.0397 48.2182 -0.85307 55.5114 82.4476 -0.50603 80.881 49.6704 -2.23602 2.94603 -9.80315 -10.1225 
3015826000000 13.1859 -3.65127 -7.27557 76.3361 0.104261 61.9901 31.9083 -3.50587 52.0397 48.2182 -0.85307 55.5114 82.4476 -0.50603 80.881 49.6704 -2.23602 2.94603 -8.65784 -10.1225 
3015861000000 13.1859 -3.65127 -7.27557 76.3361 0.104261 61.9901 31.9083 -3.50587 52.0397 48.2182 -0.85307 55.5114 82.4476 -0.50603 80.881 49.6704 -2.23602 2.94603 -8.65784 -10.1225 
3015876000000 13.1859 -3.65127 -7.39262 75.6836 0.104261 61.9901 31.9083 -3.50587 52.0397 48.2182 -0.85307 55.5114 82.4476 -0.50603 80.881 49.6704 -2.23602 2.94603 -8.65784 -10.1225 
3015898000000 13.1859 -3.65127 -7.39262 75.6836 0.104261 61.9901 31.9083 -3.50587 52.0397 48.2182 -0.85307 55.5114 82.4476 -0.50603 80.881 49.6704 -2.23602 2.94603 -8.65784 -10.1225 
3015927000000 13.1859 -3.65127 -7.39262 75.6836 0.104261 61.9901 31.9083 -3.50587 52.0397 48.2182 -0.795184 55.5114 82.4476 -0.384987 80.881 49.6704 -1.91508 2.94603 -8.65784 -10.1225 
3015976000000 13.1859 -3.65127 -7.39262 75.6836 0.104261 61.9901 31.9083 -3.50587 52.0397 48.2182 -0.795184 55.5114 82.4476 -0.384987 80.881 49.6704 -1.91508 2.94603 -8.65784 -9.94751 
3015982000000 13.1859 -3.65127 -7.39262 75.6836 0.104261 61.9901 31.9083 -3.50587 52.0397 48.2182 -0.795184 55.5114 82.4476 -0.384987 80.881 49.6704 -1.91508 2.94603 -10.3758 -9.94751 
3016027000000 13.1859 -3.65127 -7.39262 75.6836 0.104261 61.9901 31.9083 -3.50587 52.0397 48.2182 -0.795184 55.5114 82.4476 -0.384987 80.881 49.6704 -1.91508 2.94603 -8.65784 -9.94751 
3016076000000 13.1859 -3.65127 -7.39262 75.6836 0.104261 61.9901 31.9083 -3.50587 52.0397 48.2182 -0.795184 55.5114 80.6364 -0.384987 80.881 49.6704 -1.91508 2.94603 -8.65784 -9.94751 
3016126000000 13.1859 -3.65127 -7.39262 75.6836 0.104261 61.9901 31.9083 -3.50587 52.0397 48.2182 -0.795184 55.5114 80.6364 -0.384987 80.881 49.6704 -1.91508 2.94603 -8.65784 -9.94751 
3016150000000 13.1859 -3.65127 -7.39262 75.6836 0.104261 61.9901 31.9083 -3.50587 52.0397 48.2182 -0.795184 55.5114 80.6364 -0.384987 80.881 49.6704 -1.91508 2.94603 -8.65784 -9.94751 
3016187000000 13.1859 -3.65127 -7.39262 75.6836 0.104261 61.9901 31.9083 -3.50587 52.0397 48.2182 -0.795184 55.5114 80.6364 -0.384987 80.881 49.6704 -1.91508 2.94603 -8.65784 -9.94751 
3016226000000 13.1859 -3.65127 -7.39262 75.6836 0.104261 61.9901 31.9083 -3.50587 50.8646 48.2182 -0.795184 55.5114 80.6364 -0.384987 80.881 49.6704 -1.91508 2.94603 -8.65784 -9.94751 
3016276000000 13.1859 -3.65127 -7.39262 75.6836 0.104261 61.9901 31.9083 -3.50587 50.8646 48.2182 -0.795184 55.5114 80.6364 -0.384987 80.881 49.6704 -1.91508 2.94603 -8.65784 -9.94751 
3016326000000 13.1859 -3.65127 -7.39262 75.6836 0.104261 61.9901 31.9083 -3.50587 50.8646 48.2182 -0.795184 55.5114 80.6364 -0.398363 80.881 49.6704 -1.95198 2.94603 -8.65784 -9.94751 
3016342000000 13.1859 -3.65127 -7.39262 75.6836 0.104261 61.9901 31.9083 -3.50587 50.8646 48.2182 -0.795184 55.5114 80.6364 -0.398363 80.881 49.6704 -1.95198 2.94603 -8.65784 -9.94751 
3016376000000 13.1859 -3.65127 -7.39262 75.6836 0.104261 61.9901 31.9083 -3.50587 50.8646 48.2182 -0.795184 55.5114 80.6364 -0.398363 80.881 49.6704 -1.95198 2.94603 -8.65784 -9.77253 
3016424000000 13.1859 -3.65127 -7.39262 75.6836 0.104261 61.9901 31.9083 -3.50587 50.8646 48.2182 -0.795184 55.5114 80.6364 -0.398363 80.881 49.6704 -1.95198 2.94603 -8.65784 -9.77253 
3016426000000 13.1859 -3.65127 -7.39262 75.6836 0.104261 61.9901 31.9083 -3.50587 50.8646 48.2182 -0.795184 55.5114 80.6364 -0.398363 80.881 49.6704 -1.95198 2.94603 -8.65784 -9.77253 
3016466000000 13.1859 -3.65127 -7.39262 75.6836 0.104261 61.9901 31.9083 -3.50587 50.8646 48.2182 -0.795184 55.5114 80.6364 -0.398363 80.881 49.6704 -1.95198 2.94603 -8.65784 -9.77253 
3016476000000 13.1859 -3.65127 -7.39262 75.6836 0.104261 61.9901 31.9083 -3.50587 50.8646 48.2182 -0.795184 55.5114 80.6364 -0.398363 80.881 49.6704 -1.95198 2.94603 -8.65784 -9.77253 
3016481000000 13.1859 -3.65127 -7.39262 75.6836 0.104261 61.9901 31.9083 -3.50587 50.8646 48.2182 -0.795184 55.5114 80.6364 -0.398363 80.881 49.6704 -1.95198 2.94603 -8.65784 -9.77253 
3016526000000 13.1859 -3.65127 -7.39262 75.6836 0.104261 61.9901 31.9083 -3.50587 50.8646 48.2182 -0.795184 55.5114 80.6364 -0.398363 80.881 49.6704 -1.95198 2.94603 -8.65784 -9.77253 
3016576000000 13.1859 -3.65127 -7.39262 75.6836 0.104261 60.6863 31.9083 -3.50587 50.8646 48.2182 -0.795184 55.5114 80.6364 -0.398363 80.881 49.6704 -1.95198 2.94603 -8.65784 -9.77253 
3016626000000 13.1859 -3.65127 -7.39262 75.6836 0.104261 60.6863 32.7532 -3.50587 50.8646 48.2182 -0.795184 55.5114 80.6364 -0.398363 80.881 49.6704 -1.95198 2.94603 -9.80315 -9.77253 
3016626000000 13.1859 -3.65127 -7.39262 75.6836 0.104261 60.6863 32.7532 -3.50587 50.8646 48.2182 -0.795184 55.5114 80.6364 -0.398363 80.881 49.6704 -1.95198 2.94603 -8.65784 -9.77253 
3016639000000 13.1859 -3.65127 -7.39262 75.6836 0.104261 60.6863 32.7532 -3.50587 50.8646 48.2182 -0.795184 55.5114 80.6364 -0.398363 80.881 49.6704 -1.95198 2.94603 -8.65784 -9.77253 
3016725000000 13.1859 -3.65127 -7.39262 75.6836 0.104261 60.6863 32.7532 -3.50587 50.8646 48.2182 -0.795184 55.5114 80.6364 -0.398363 80.881 49.6704 -1.95198 2.94603 -8.65784 -9.77253 
3016776000000 13.1859 -3.65127 -7.39262 75.6836 0.104261 60.6863 32.7532 -3.50587 50.8646 48.2182 -0.795184 55.5114 80.6364 -0.398363 80.881 49.6704 -1.95198 2.94603 -9.80315 -9.77253 
3016783000000 13.1859 -3.65127 -7.39262 75.6836 0.104261 60.6863 32.7532 -3.50587 50.8646 48.2182 -0.795184 55.5114 80.6364 -0.398363 80.881 49.6704 -1.95198 2.94603 -8.65784 -9.59755 
