#time#THJ1#THJ2#THJ3#THJ4#THJ5#FFJ0#FFJ3#FFJ4#MFJ0#MFJ3#MFJ4#RFJ0#RFJ3#RFJ4#LFJ0#LFJ3#LFJ4#LFJ5#WRJ1#WRJ2
3036426000000 28.7397 30.596 -2.44492 47.6231 -3.88609 146.732 89.3606 1.23914 128.416 79.8208 -0.0426558 126.455 163.953 1.6835 153.248 85.4607 3.62267 2.94603 -10.9485 -2.42345 
3036476000000 28.7397 30.596 -2.44492 47.6231 -3.88609 146.732 89.3606 1.23914 128.416 79.8208 -0.0426558 126.455 163.953 1.6835 153.248 85.4607 3.62267 2.94603 -10.9485 -2.42345 
3036517000000 28.7397 30.596 -2.44492 47.6231 -3.88609 146.732 89.3606 1.23914 128.416 79.8208 -0.0426558 126.455 163.953 1.6835 153.248 85.4607 3.62267 2.94603 -10.9485 -2.42345 
3036546000000 28.7397 30.596 -2.44492 47.6231 -3.88609 146.732 89.3606 1.23914 128.416 79.8208 -0.0426558 126.455 163.953 1.6835 153.248 85.4607 3.62267 2.94603 -10.9485 -2.42345 
3036576000000 28.7397 30.596 -2.44492 47.6231 -3.88609 146.732 89.3606 1.23914 128.416 79.8208 -0.0426558 126.455 163.953 1.6835 153.248 85.4607 3.62267 2.94603 -10.9485 -2.42345 
3036618000000 28.7397 30.596 -2.44492 47.6231 -3.88609 146.732 89.3606 1.23914 128.416 79.8208 -0.0426558 126.455 163.953 1.6835 153.248 85.4607 3.62267 2.94603 -10.9485 -2.42345 
3036627000000 28.7397 30.596 -2.44492 47.6231 -3.88609 146.732 89.3606 1.23914 128.416 79.8208 -0.0426558 126.455 163.953 1.6835 153.248 85.4607 3.62267 2.94603 -10.9485 -2.42345 
3036676000000 28.7397 30.596 -2.56196 46.9706 -3.88609 146.732 89.3606 1.23914 128.416 79.8208 -0.0426558 126.455 163.953 1.6835 153.248 85.4607 3.62267 2.94603 -10.9485 -2.42345 
3036713000000 28.7397 30.596 -2.56196 46.9706 -3.88609 146.732 89.3606 1.23914 128.416 79.8208 -0.0426558 126.455 163.953 1.6835 153.248 85.4607 3.62267 2.94603 -10.9485 -2.42345 
3036730000000 28.7397 30.596 -2.56196 46.9706 -3.88609 146.732 89.3606 1.23914 128.416 79.8208 -0.0426558 126.455 163.953 1.6835 153.248 85.4607 3.62267 2.94603 -10.9485 -2.42345 
3036776000000 28.7397 30.596 -2.56196 46.9706 -3.88609 146.732 89.3606 1.23914 128.416 79.8208 -0.0426558 126.455 163.953 1.6835 153.248 85.4607 3.62267 2.94603 -10.9485 -2.42345 
3036814000000 28.7397 30.596 -2.56196 46.9706 -3.88609 146.732 89.3606 1.23914 128.416 79.8208 -0.0426558 126.455 163.953 1.6835 153.248 85.4607 3.62267 2.94603 -10.9485 -2.42345 
3036843000000 28.7397 30.596 -2.56196 46.9706 -4.10777 146.732 89.3606 1.23914 128.416 79.8208 -0.0426558 126.455 163.953 1.6835 153.248 85.4607 3.62267 2.94603 -10.9485 -2.42345 
3036876000000 28.7397 30.596 -2.56196 46.9706 -4.10777 146.732 89.3606 1.23914 128.416 79.8208 -0.0426558 126.455 163.953 1.6835 153.248 85.4607 3.62267 2.94603 -10.9485 -2.42345 
3036926000000 28.7397 30.596 -2.679 46.318 -4.10777 146.732 89.3606 1.23914 128.416 79.8208 -0.0426558 126.455 163.953 1.6835 153.248 85.4607 3.62267 2.94603 -10.9485 -2.42345 
3036932000000 28.7397 30.596 -2.679 46.318 -4.10777 146.732 89.3606 1.23914 128.416 79.8208 -0.0426558 126.455 163.953 1.6835 153.248 85.4607 3.62267 2.94603 -10.9485 -2.42345 
3036976000000 28.7397 30.596 -2.679 46.318 -4.10777 146.732 89.3606 1.23914 128.416 79.8208 -0.0426558 126.455 163.953 1.6835 153.248 85.4607 3.62267 2.94603 -10.9485 -2.07349 
3037026000000 28.7397 30.596 -2.679 46.318 -4.10777 146.732 89.3606 1.23914 128.416 79.8208 -0.0426558 126.455 163.953 1.6835 153.248 85.4607 3.62267 2.94603 -10.9485 -2.07349 
3037057000000 28.7397 30.596 -2.679 46.318 -4.10777 146.732 89.3606 1.23914 128.416 79.8208 -0.0426558 126.455 163.953 1.6835 153.248 85.4607 3.62267 2.94603 -10.9485 -2.07349 
3037081000000 28.7397 30.596 -2.679 46.318 -4.10777 146.732 89.3606 1.23914 128.416 79.8208 -0.0426558 126.455 163.953 1.6835 153.248 85.4607 3.62267 2.94603 -10.9485 -2.07349 
3037126000000 28.7397 30.596 -2.679 46.318 -4.10777 146.732 89.3606 1.23914 128.416 79.8208 -0.0426558 126.455 163.953 1.6835 153.248 85.4607 3.62267 2.94603 -10.9485 -2.07349 
3037139000000 28.7397 30.596 -2.679 46.318 -4.10777 146.732 89.3606 1.23914 128.416 79.8208 -0.0426558 126.455 163.953 1.6835 153.248 85.4607 3.62267 2.94603 -10.9485 -2.07349 
3037177000000 28.7397 30.596 -2.679 46.318 -4.10777 146.732 89.3606 1.23914 128.416 79.8208 -0.0426558 126.455 163.953 1.6835 153.248 85.4607 3.62267 2.94603 -10.9485 -2.07349 
3037226000000 28.7397 30.596 -2.679 46.318 -4.10777 146.732 89.3606 1.23914 128.416 79.8208 -0.0426558 126.455 163.953 1.6835 153.248 85.4607 3.62267 2.94603 -10.9485 -2.07349 
3037256000000 28.7397 30.596 -2.679 46.318 -4.10777 146.732 89.3606 1.23914 128.416 79.8208 -0.0426558 126.455 163.953 1.6835 153.248 85.4607 3.62267 2.94603 -10.9485 -2.07349 
3037286000000 28.7397 30.596 -2.679 46.318 -4.10777 146.732 89.3606 1.23914 128.416 79.8208 -0.0426558 126.455 163.953 1.6835 153.248 85.4607 3.62267 2.94603 -9.80315 -2.07349 
3037330000000 28.7397 30.596 -2.679 46.318 -3.44271 146.732 87.6709 1.23914 128.416 79.8208 -0.0426558 126.455 163.953 1.6835 153.248 85.4607 3.62267 2.94603 -9.80315 -2.42345 
3037376000000 27.899 29.5887 -2.50438 48.9283 -2.1126 142.821 82.6015 1.23914 124.891 79.8208 -0.216316 119.499 158.519 1.32037 147.682 82.9043 2.65983 2.94603 -9.80315 -2.94838 
3037426000000 25.3767 26.5669 -2.33162 54.8014 -1.22586 133.695 66.5487 1.23914 120.191 66.9456 -0.67941 111.153 140.407 0.271772 135.157 76.0871 -0.129163 2.94603 -9.80315 -4.34821 
3037439000000 23.2749 24.0487 -2.59732 57.4117 -0.782482 124.569 58.9447 1.23914 114.316 58.7523 -0.910957 104.198 127.728 -0.25253 124.023 71.8263 -1.52366 2.94603 -8.65784 -5.57305 
3037482000000 22.0137 22.0341 -2.95032 58.7168 -0.782482 119.354 56.41 1.23914 111.966 56.4114 -1.02673 98.6337 120.483 -0.507993 115.673 69.2699 -2.20246 2.94603 -9.23049 -6.09799 
3037516000000 20.7526 20.5232 -3.15655 60.0219 -0.560796 115.443 53.8754 1.23914 108.441 52.9 -1.1425 94.4606 115.05 -0.776832 108.715 67.5656 -2.91816 2.94603 -9.23049 -6.44794 
3037526000000 18.6507 18.0051 -3.53929 61.9796 -0.33911 103.709 47.9612 0.787234 100.216 47.0477 -1.25828 86.1144 102.371 -1.04567 98.9728 61.6005 -3.63386 2.94603 -8.65784 -7.84777 
3037568000000 16.5489 12.9687 -4.30476 65.8951 0.325947 72.4199 34.443 -1.47229 76.7152 37.6839 -0.67941 72.2039 64.3354 0.138006 90.6228 45.4096 -0.498202 2.94603 -5.2219 -11.6973 
3037581000000 15.7081 10.4505 -4.68749 67.8528 0.991005 52.864 27.6839 -3.50587 61.4398 31.8316 -0.50575 62.4666 53.468 0.461005 82.2727 39.4446 0.353925 2.94603 -2.93128 -13.0971 
3037626000000 12.7655 6.92508 -5.01265 71.7682 2.32112 28.0932 14.1657 -7.12112 40.2894 16.6155 -1.20039 44.3831 38.9782 -1.12528 55.8307 33.4795 -3.86647 2.94603 1.64996 -13.797 
3037676000000 10.2432 1.38508 -5.80784 76.3361 3.65123 11.1447 0 -11.6402 22.6641 0 -2.58967 27.6906 17.2435 -4.24433 19.6469 28.3666 -12.1597 2.94603 5.0859 -13.2721 
3037723000000 8.98212 -0.125825 -6.13112 76.9887 4.3163 7.23352 0 -11.8661 19.139 0 -2.82122 24.9085 13.6211 -4.76863 12.6885 28.3666 -13.5542 2.94603 7.94918 -12.7472 
3037731000000 8.14137 -2.644 -6.6309 78.2939 4.98135 2.01862 0 -12.9959 14.4389 0 -3.3422 19.3443 2.75377 -5.96503 0 26.6623 -16.7379 2.94603 10.8125 -12.0472 
3037776000000 7.30062 -4.15491 -6.72009 80.2516 5.42472 0 0 -13.4478 13.2639 0 -3.51586 16.5622 0 -6.39504 0 25.8102 -17.8853 2.94603 13.1031 -10.8224 
3037777000000 6.45988 -4.65855 -6.74982 80.9041 5.64641 0 0 -13.8997 14.4389 0 -3.63164 16.5622 0 -6.67726 0 24.958 -18.6379 2.94603 13.6757 -10.4724 
3037826000000 5.61913 -5.66582 -6.92632 81.5567 5.8681 7.23352 0 -13.2218 22.6641 0 -3.63164 22.1264 0.942544 -6.67726 0 27.5145 -18.6379 2.94603 13.6757 -10.1225 
3037879000000 6.0395 -4.65855 -6.63277 81.5567 5.64641 18.9671 0 -9.6066 35.5893 0 -2.76333 33.2547 13.6211 -4.72785 7.12178 30.0709 -13.4546 2.94603 11.3851 -11.6973 
3037891000000 6.0395 -4.15491 -6.486 81.5567 5.8681 25.4857 0 -9.15469 41.4644 2.56995 -2.4739 38.8189 19.0548 -4.12263 16.8636 30.9231 -11.8499 2.94603 10.2398 -11.8723 
3037930000000 7.30062 -3.14764 -6.19246 81.5567 6.31147 34.6118 0 -7.12112 54.3897 7.25181 -2.12658 48.5562 22.6772 -3.36962 40.5222 31.7752 -9.85041 2.94603 7.94918 -11.6973 
3037976000000 7.721 -2.14037 -5.89891 81.5567 6.97653 45.0416 0 -5.08754 61.4398 9.59275 -1.89503 54.1204 26.2997 -2.83195 51.6556 32.6274 -8.41901 2.94603 6.23121 -11.6973 
3038014000000 8.56175 -2.14037 -5.89891 81.5567 7.19821 51.5602 1.49238 -4.40968 63.7899 10.7632 -1.89503 55.5114 28.1109 -2.81857 57.2224 33.4795 -8.3821 2.94603 5.0859 -11.5223 
3038026000000 10.2432 -2.14037 -5.66482 82.8618 7.4199 59.3826 3.18215 -4.40968 64.9649 13.1041 -1.89503 56.9025 29.9221 -2.81857 65.5725 33.4795 -8.3821 2.94603 3.94059 -11.5223 
3038078000000 13.1859 -2.14037 -5.43074 84.167 8.08495 68.5087 8.25147 -3.73182 67.315 18.9565 -1.72137 61.0756 37.167 -2.41531 75.3142 36.036 -7.30855 2.94603 1.64996 -10.9974 
3038126000000 14.8674 -2.14037 -5.31369 84.8195 8.30664 68.5087 9.09636 -3.27992 67.315 20.1269 -1.66349 62.4666 38.9782 -2.30764 76.7059 36.036 -7.02451 2.94603 1.07731 -11.1724 
3038132000000 16.5489 -3.65127 -5.75401 84.8195 8.52833 68.5087 10.7861 -3.05396 67.315 21.2974 -1.66349 62.4666 38.9782 -2.3344 79.4893 35.1838 -7.09831 2.94603 1.07731 -11.3473 
3038176000000 18.2304 -4.65855 -6.04756 84.8195 8.52833 65.9012 12.4759 -3.05396 67.315 24.8088 -1.54771 63.8577 40.7895 -2.10569 82.2727 36.036 -6.49333 2.94603 -0.0680022 -11.5223 
3038194000000 18.6507 -5.66582 -6.3411 84.8195 8.52833 65.9012 14.1657 -3.05396 64.9649 25.9793 -1.48983 63.8577 42.6007 -1.98464 83.6643 36.036 -6.17238 2.94603 -0.0680022 -11.5223 
3038232000000 19.4915 -7.17672 -6.78142 84.8195 8.52833 63.2938 15.0106 -3.50587 63.7899 27.1497 -1.43194 63.8577 42.6007 -1.8636 83.6643 36.8881 -5.85143 2.94603 -0.640658 -11.8723 
3038276000000 19.4915 -7.68036 -6.9282 84.8195 8.9717 61.9901 15.0106 -3.73182 62.6149 28.3202 -1.43194 63.8577 44.4119 -1.8636 85.056 36.8881 -5.85143 2.94603 -0.640658 -12.0472 
3038299000000 19.4915 -7.68036 -6.9282 84.8195 8.9717 61.9901 15.8555 -3.73182 62.6149 28.3202 -1.43194 63.8577 44.4119 -1.8636 85.056 36.8881 -5.85143 2.94603 -0.640658 -12.0472 
3038357000000 19.4915 -8.184 -7.07497 84.8195 9.19338 60.6863 15.8555 -3.95778 62.6149 27.1497 -1.43194 63.8577 44.4119 -1.8636 83.6643 36.8881 -5.85143 2.94603 -0.640658 -12.0472 
3038386000000 19.4915 -8.184 -7.07497 84.8195 9.19338 60.6863 15.8555 -3.95778 62.6149 27.1497 -1.43194 62.4666 44.4119 -1.85023 83.6643 36.8881 -5.81453 2.94603 -0.640658 -12.0472 
3038426000000 19.4915 -8.184 -7.19201 84.167 9.19338 60.6863 15.8555 -3.95778 62.6149 27.1497 -1.43194 62.4666 44.4119 -1.85023 83.6643 36.8881 -5.81453 2.94603 -2.35863 -11.6973 
3038469000000 19.4915 -8.184 -7.19201 84.167 9.19338 60.6863 15.8555 -3.95778 62.6149 27.1497 -1.43194 62.4666 44.4119 -1.85023 83.6643 36.8881 -5.81453 2.94603 -0.0680022 -11.5223 
3038477000000 19.4915 -8.184 -7.19201 84.167 9.19338 60.6863 15.8555 -3.95778 62.6149 27.1497 -1.43194 62.4666 44.4119 -1.85023 83.6643 36.8881 -5.81453 2.94603 -0.0680022 -11.5223 
3038526000000 19.4915 -8.184 -7.19201 84.167 9.19338 60.6863 15.8555 -3.95778 62.6149 27.1497 -1.43194 62.4666 44.4119 -1.85023 83.6643 36.8881 -5.81453 2.94603 -0.640658 -11.3473 
3038542000000 19.4915 -8.184 -7.19201 84.167 9.19338 60.6863 15.8555 -3.95778 62.6149 27.1497 -1.43194 62.4666 44.4119 -1.85023 83.6643 36.8881 -5.81453 2.94603 -0.0680022 -11.3473 
3038626000000 19.4915 -8.184 -7.30905 83.5144 9.19338 60.6863 15.8555 -3.95778 62.6149 27.1497 -1.43194 62.4666 44.4119 -1.85023 83.6643 36.8881 -5.81453 2.94603 -1.78597 -11.3473 
3038676000000 19.4915 -8.184 -7.30905 83.5144 8.9717 60.6863 15.8555 -3.95778 62.6149 27.1497 -1.43194 62.4666 44.4119 -1.8636 83.6643 36.8881 -5.85143 2.94603 -0.0680022 -11.1724 
3038718000000 19.4915 -8.184 -7.30905 83.5144 8.9717 60.6863 15.8555 -3.95778 62.6149 27.1497 -1.43194 62.4666 44.4119 -1.8636 83.6643 36.8881 -5.85143 2.94603 -0.0680022 -11.1724 
3038734000000 19.0711 -8.184 -7.30905 83.5144 8.9717 60.6863 15.8555 -3.95778 62.6149 27.1497 -1.43194 62.4666 44.4119 -1.8636 82.2727 36.8881 -5.85143 2.94603 -0.0680022 -11.1724 
3038776000000 19.0711 -8.184 -7.30905 83.5144 8.9717 59.3826 15.8555 -3.95778 62.6149 27.1497 -1.43194 62.4666 44.4119 -1.8636 82.2727 36.8881 -5.85143 2.94603 -0.0680022 -11.1724 
3038795000000 19.0711 -8.184 -7.30905 83.5144 8.9717 59.3826 15.8555 -3.95778 62.6149 27.1497 -1.43194 62.4666 44.4119 -1.8636 82.2727 36.8881 -5.85143 2.94603 -0.0680022 -11.1724 
3038833000000 19.0711 -8.184 -7.30905 83.5144 8.9717 59.3826 15.8555 -3.95778 62.6149 27.1497 -1.43194 62.4666 44.4119 -1.8636 82.2727 36.8881 -5.85143 2.94603 -0.0680022 -11.1724 
3038876000000 19.0711 -8.184 -7.30905 83.5144 8.9717 59.3826 15.8555 -3.95778 62.6149 25.9793 -1.43194 62.4666 44.4119 -1.8636 82.2727 36.8881 -5.85143 2.94603 -0.0680022 -11.1724 
3038926000000 19.0711 -8.184 -7.30905 83.5144 8.9717 59.3826 15.8555 -3.95778 62.6149 25.9793 -1.43194 62.4666 44.4119 -1.8636 82.2727 36.8881 -5.85143 2.94603 -0.0680022 -11.1724 
3038936000000 19.0711 -8.184 -7.30905 83.5144 8.9717 59.3826 15.8555 -3.95778 62.6149 25.9793 -1.43194 62.4666 44.4119 -1.8636 82.2727 36.8881 -5.85143 2.94603 -0.0680022 -10.9974 
3038976000000 19.0711 -8.184 -7.30905 83.5144 8.9717 59.3826 15.8555 -3.95778 62.6149 25.9793 -1.43194 62.4666 44.4119 -1.8636 82.2727 36.8881 -5.85143 2.94603 -0.0680022 -10.9974 
3038983000000 19.0711 -8.184 -7.30905 83.5144 8.9717 59.3826 15.8555 -3.95778 62.6149 25.9793 -1.43194 62.4666 44.4119 -1.8636 82.2727 36.8881 -5.85143 2.94603 -0.0680022 -10.9974 
3039029000000 19.0711 -8.184 -7.30905 83.5144 9.19338 59.3826 15.8555 -3.95778 62.6149 25.9793 -1.43194 62.4666 44.4119 -1.85023 82.2727 36.8881 -5.81453 2.94603 -0.0680022 -10.9974 
3039076000000 19.0711 -8.184 -7.30905 83.5144 9.19338 59.3826 15.8555 -4.18373 62.6149 25.9793 -1.43194 62.4666 44.4119 -1.85023 82.2727 36.8881 -5.81453 2.94603 -0.0680022 -10.9974 
3039106000000 19.0711 -8.184 -7.30905 83.5144 9.19338 59.3826 15.8555 -4.18373 62.6149 25.9793 -1.43194 62.4666 44.4119 -1.85023 82.2727 36.8881 -5.81453 2.94603 -0.0680022 -10.9974 
3039152000000 19.0711 -8.184 -7.30905 83.5144 9.19338 59.3826 15.8555 -4.18373 62.6149 25.9793 -1.43194 62.4666 44.4119 -1.85023 82.2727 36.8881 -5.81453 2.94603 -0.0680022 -10.9974 
3039176000000 19.0711 -8.184 -7.30905 83.5144 9.19338 59.3826 15.8555 -4.18373 62.6149 25.9793 -1.43194 62.4666 44.4119 -1.85023 82.2727 36.8881 -5.81453 2.94603 -0.0680022 -10.9974 
3039186000000 19.0711 -8.184 -7.30905 83.5144 9.19338 59.3826 15.8555 -4.18373 62.6149 25.9793 -1.43194 62.4666 44.4119 -1.85023 82.2727 36.8881 -5.81453 2.94603 -1.21332 -10.9974 
3039271000000 19.0711 -8.184 -7.30905 83.5144 9.19338 59.3826 15.8555 -4.18373 62.6149 25.9793 -1.43194 62.4666 44.4119 -1.85023 82.2727 36.8881 -5.81453 2.94603 -0.0680022 -10.9974 
3039276000000 18.6507 -8.184 -7.30905 83.5144 9.19338 59.3826 15.8555 -4.18373 62.6149 25.9793 -1.43194 62.4666 44.4119 -1.8636 82.2727 36.8881 -5.85143 2.94603 -0.0680022 -10.9974 
3039326000000 18.6507 -8.184 -7.30905 83.5144 9.19338 59.3826 15.8555 -4.18373 62.6149 25.9793 -1.43194 62.4666 44.4119 -1.8636 82.2727 36.8881 -5.85143 2.94603 -4.07659 -10.6474 
3039335000000 18.6507 -8.184 -7.30905 83.5144 9.19338 59.3826 15.8555 -4.18373 62.6149 25.9793 -1.43194 62.4666 44.4119 -1.8636 82.2727 36.8881 -5.85143 2.94603 0.504653 -10.4724 
3039376000000 18.6507 -8.184 -7.30905 83.5144 9.19338 59.3826 15.8555 -4.18373 62.6149 25.9793 -1.43194 62.4666 44.4119 -1.8636 82.2727 36.8881 -5.85143 2.94603 -2.35863 -10.4724 
3039387000000 18.6507 -8.184 -7.30905 83.5144 9.19338 59.3826 15.8555 -4.18373 62.6149 25.9793 -1.43194 62.4666 44.4119 -1.8636 82.2727 36.8881 -5.85143 2.94603 0.504653 -10.4724 
3039476000000 18.6507 -8.184 -7.30905 83.5144 9.19338 59.3826 15.8555 -4.18373 62.6149 25.9793 -1.43194 62.4666 44.4119 -1.8636 82.2727 36.8881 -5.85143 2.94603 0.504653 -10.4724 
3039482000000 18.6507 -8.184 -7.30905 83.5144 9.19338 59.3826 15.8555 -4.18373 62.6149 25.9793 -1.43194 62.4666 44.4119 -1.8636 82.2727 36.8881 -5.85143 2.94603 0.504653 -10.4724 
3039537000000 18.6507 -8.184 -7.30905 83.5144 9.19338 59.3826 15.8555 -4.18373 62.6149 25.9793 -1.43194 62.4666 44.4119 -1.8636 82.2727 36.8881 -5.85143 2.94603 0.504653 -10.4724 
3039576000000 18.6507 -8.184 -7.30905 83.5144 9.19338 59.3826 15.8555 -4.18373 62.6149 25.9793 -1.43194 62.4666 44.4119 -1.8636 82.2727 36.8881 -5.85143 2.94603 0.504653 -10.4724 
3039626000000 18.6507 -8.184 -7.30905 83.5144 9.19338 59.3826 15.8555 -4.18373 62.6149 25.9793 -1.43194 62.4666 44.4119 -1.8636 82.2727 36.8881 -5.85143 2.94603 0.504653 -10.4724 
3039649000000 18.6507 -8.184 -7.30905 83.5144 9.19338 59.3826 15.8555 -4.18373 62.6149 25.9793 -1.43194 62.4666 44.4119 -1.8636 82.2727 36.8881 -5.85143 2.94603 -0.640658 -10.4724 
3039676000000 18.6507 -8.184 -7.30905 83.5144 9.19338 59.3826 15.8555 -4.18373 62.6149 25.9793 -1.43194 62.4666 44.4119 -1.8636 82.2727 36.8881 -5.85143 2.94603 0.504653 -10.4724 
3039709000000 18.6507 -8.184 -7.30905 83.5144 9.19338 59.3826 15.8555 -4.40968 62.6149 25.9793 -1.37405 62.4666 44.4119 -1.74256 82.2727 36.8881 -5.53049 2.94603 -0.640658 -10.4724 
3039745000000 18.2304 -8.184 -7.30905 83.5144 9.19338 58.0789 15.8555 -4.40968 62.6149 25.9793 -1.37405 62.4666 44.4119 -1.74256 82.2727 36.8881 -5.53049 2.94603 0.504653 -10.4724 
3039776000000 18.2304 -8.184 -7.30905 83.5144 9.19338 58.0789 15.8555 -4.40968 62.6149 25.9793 -1.37405 62.4666 44.4119 -1.74256 82.2727 36.8881 -5.53049 2.94603 0.504653 -10.4724 
3039793000000 18.2304 -8.184 -7.30905 83.5144 9.19338 58.0789 15.8555 -4.40968 62.6149 25.9793 -1.37405 62.4666 44.4119 -1.74256 82.2727 36.8881 -5.53049 2.94603 0.504653 -10.4724 
3039826000000 18.2304 -8.184 -7.30905 83.5144 9.19338 58.0789 15.8555 -4.40968 62.6149 25.9793 -1.37405 62.4666 44.4119 -1.74256 82.2727 36.8881 -5.53049 2.94603 0.504653 -10.4724 
3039859000000 18.2304 -8.184 -7.4261 82.8618 9.19338 58.0789 15.8555 -4.40968 62.6149 25.9793 -1.37405 62.4666 42.6007 -1.74256 82.2727 36.8881 -5.53049 2.94603 0.504653 -10.2975 
3039912000000 18.2304 -8.184 -7.4261 82.8618 9.19338 58.0789 15.8555 -4.40968 62.6149 25.9793 -1.37405 62.4666 42.6007 -1.74256 82.2727 36.8881 -5.53049 2.94603 0.504653 -10.2975 
3039929000000 18.2304 -8.184 -7.4261 82.8618 9.19338 58.0789 15.8555 -4.40968 62.6149 25.9793 -1.37405 62.4666 42.6007 -1.74256 82.2727 36.8881 -5.53049 2.94603 0.504653 -10.2975 
3039976000000 18.2304 -8.184 -7.4261 82.8618 9.19338 58.0789 15.8555 -4.40968 62.6149 25.9793 -1.31616 62.4666 42.6007 -1.62152 82.2727 36.8881 -5.20954 2.94603 0.504653 -10.2975 
3040017000000 18.2304 -8.184 -7.4261 82.8618 9.19338 58.0789 15.8555 -4.40968 62.6149 25.9793 -1.31616 62.4666 42.6007 -1.62152 82.2727 36.8881 -5.20954 2.94603 0.504653 -10.2975 
3040076000000 18.2304 -8.184 -7.4261 82.8618 9.19338 58.0789 15.8555 -4.40968 62.6149 25.9793 -1.31616 62.4666 42.6007 -1.62152 82.2727 36.8881 -5.20954 2.94603 0.504653 -10.2975 
3040125000000 18.2304 -8.184 -7.4261 82.8618 9.19338 58.0789 15.8555 -4.40968 62.6149 25.9793 -1.31616 62.4666 42.6007 -1.62152 82.2727 36.8881 -5.20954 2.94603 0.504653 -10.2975 
3040128000000 18.2304 -8.184 -7.4261 82.8618 9.19338 58.0789 15.8555 -4.40968 62.6149 25.9793 -1.31616 62.4666 42.6007 -1.62152 82.2727 36.8881 -5.20954 2.94603 0.504653 -10.2975 
3040176000000 18.2304 -8.184 -7.4261 82.8618 9.19338 58.0789 15.8555 -4.40968 62.6149 25.9793 -1.31616 62.4666 42.6007 -1.62152 82.2727 36.8881 -5.20954 2.94603 0.504653 -10.2975 
3040179000000 18.2304 -8.184 -7.4261 82.8618 9.19338 58.0789 15.8555 -4.40968 62.6149 25.9793 -1.31616 62.4666 42.6007 -1.62152 82.2727 36.8881 -5.20954 2.94603 0.504653 -10.2975 
3040226000000 18.2304 -8.184 -7.4261 82.8618 9.19338 58.0789 16.7003 -4.40968 62.6149 25.9793 -1.31616 62.4666 42.6007 -1.62152 82.2727 36.8881 -5.20954 2.94603 0.504653 -10.2975 
3040243000000 18.2304 -8.184 -7.4261 82.8618 9.19338 58.0789 16.7003 -4.40968 62.6149 25.9793 -1.31616 62.4666 42.6007 -1.62152 82.2727 36.8881 -5.20954 2.94603 0.504653 -10.2975 
3040276000000 18.2304 -8.184 -7.4261 82.8618 9.19338 58.0789 16.7003 -4.40968 62.6149 25.9793 -1.31616 62.4666 42.6007 -1.62152 82.2727 36.8881 -5.20954 2.94603 0.504653 -10.2975 
3040323000000 18.2304 -8.184 -7.4261 82.8618 9.19338 58.0789 16.7003 -4.40968 62.6149 25.9793 -1.31616 62.4666 42.6007 -1.62152 82.2727 36.8881 -5.20954 2.94603 0.504653 -10.2975 
3040339000000 18.2304 -8.184 -7.4261 82.8618 9.19338 58.0789 16.7003 -4.40968 62.6149 25.9793 -1.31616 62.4666 42.6007 -1.62152 82.2727 36.8881 -5.20954 2.94603 -1.21332 -10.2975 
3040376000000 18.2304 -8.184 -7.4261 82.8618 9.19338 58.0789 16.7003 -4.40968 62.6149 25.9793 -1.31616 62.4666 42.6007 -1.62152 82.2727 36.8881 -5.20954 2.94603 1.07731 -10.2975 
3040426000000 18.2304 -8.184 -7.4261 82.8618 9.19338 58.0789 16.7003 -4.40968 62.6149 25.9793 -1.31616 62.4666 42.6007 -1.62152 82.2727 36.8881 -5.20954 2.94603 0.504653 -10.2975 
3040446000000 18.2304 -8.184 -7.4261 82.8618 9.19338 58.0789 16.7003 -4.40968 62.6149 25.9793 -1.31616 62.4666 42.6007 -1.62152 82.2727 36.8881 -5.20954 2.94603 0.504653 -10.2975 
3040476000000 18.2304 -8.184 -7.4261 82.8618 9.19338 58.0789 16.7003 -4.40968 62.6149 25.9793 -1.31616 62.4666 42.6007 -1.62152 82.2727 36.8881 -5.20954 2.94603 0.504653 -10.2975 
3040519000000 18.2304 -8.184 -7.4261 82.8618 9.19338 58.0789 16.7003 -4.40968 62.6149 25.9793 -1.31616 62.4666 42.6007 -1.62152 82.2727 36.8881 -5.20954 2.94603 0.504653 -10.2975 
3040527000000 18.2304 -7.68036 -7.27932 82.8618 9.19338 58.0789 16.7003 -4.40968 62.6149 25.9793 -1.31616 62.4666 42.6007 -1.62152 82.2727 36.8881 -5.20954 2.94603 0.504653 -10.2975 
3040576000000 18.2304 -7.68036 -7.27932 82.8618 9.19338 58.0789 16.7003 -4.40968 62.6149 25.9793 -1.31616 62.4666 42.6007 -1.62152 82.2727 36.8881 -5.20954 2.94603 0.504653 -10.2975 
3040610000000 18.2304 -7.68036 -7.27932 82.8618 9.19338 58.0789 16.7003 -4.40968 62.6149 25.9793 -1.31616 62.4666 42.6007 -1.62152 82.2727 36.8881 -5.20954 2.94603 -1.21332 -10.2975 
3040676000000 18.2304 -7.68036 -7.27932 82.8618 9.19338 58.0789 16.7003 -4.40968 62.6149 25.9793 -1.31616 62.4666 42.6007 -1.62152 82.2727 36.8881 -5.20954 2.94603 1.07731 -10.2975 
3040679000000 17.81 -7.68036 -7.27932 82.8618 9.19338 58.0789 16.7003 -4.40968 62.6149 25.9793 -1.31616 62.4666 42.6007 -1.62152 82.2727 36.8881 -5.20954 2.94603 1.07731 -10.2975 
3040739000000 17.81 -7.68036 -7.27932 82.8618 9.19338 58.0789 16.7003 -4.40968 62.6149 25.9793 -1.31616 62.4666 42.6007 -1.62152 82.2727 36.8881 -5.20954 2.94603 0.504653 -10.2975 
3040781000000 17.81 -7.68036 -7.27932 82.8618 9.19338 58.0789 16.7003 -4.40968 62.6149 25.9793 -1.31616 62.4666 42.6007 -1.62152 82.2727 36.8881 -5.20954 2.94603 0.504653 -10.2975 
3040832000000 17.81 -7.68036 -7.27932 82.8618 9.19338 58.0789 16.7003 -4.40968 62.6149 25.9793 -1.31616 62.4666 42.6007 -1.62152 82.2727 36.8881 -5.20954 2.94603 0.504653 -10.2975 
3040876000000 17.81 -7.68036 -7.27932 82.8618 9.19338 58.0789 16.7003 -4.40968 62.6149 25.9793 -1.31616 62.4666 42.6007 -1.62152 82.2727 36.8881 -5.20954 2.94603 0.504653 -10.2975 
3040918000000 17.81 -7.68036 -7.27932 82.8618 9.19338 58.0789 16.7003 -4.40968 62.6149 25.9793 -1.25828 62.4666 42.6007 -1.50047 82.2727 36.8881 -4.88859 2.94603 0.504653 -10.2975 
3040947000000 17.81 -7.68036 -7.27932 82.8618 9.19338 58.0789 16.7003 -4.40968 62.6149 25.9793 -1.25828 62.4666 42.6007 -1.50047 82.2727 36.8881 -4.88859 2.94603 -1.21332 -10.2975 
3040976000000 17.81 -7.68036 -7.27932 82.8618 9.19338 58.0789 16.7003 -4.40968 62.6149 25.9793 -1.25828 62.4666 42.6007 -1.50047 82.2727 36.8881 -4.88859 2.94603 0.504653 -10.2975 
3041026000000 17.81 -7.68036 -7.27932 82.8618 9.19338 58.0789 16.7003 -4.40968 62.6149 25.9793 -1.25828 62.4666 42.6007 -1.50047 82.2727 36.8881 -4.88859 2.94603 0.504653 -10.1225 
3041041000000 17.81 -7.68036 -7.27932 82.8618 9.19338 58.0789 16.7003 -4.40968 62.6149 25.9793 -1.25828 62.4666 42.6007 -1.50047 82.2727 36.8881 -4.88859 2.94603 0.504653 -10.1225 
3041076000000 17.81 -7.68036 -7.27932 82.8618 9.19338 58.0789 16.7003 -4.40968 62.6149 25.9793 -1.25828 62.4666 42.6007 -1.50047 82.2727 36.8881 -4.88859 2.94603 0.504653 -10.1225 
