#time#THJ1#THJ2#THJ3#THJ4#THJ5#FFJ0#FFJ3#FFJ4#MFJ0#MFJ3#MFJ4#RFJ0#RFJ3#RFJ4#LFJ0#LFJ3#LFJ4#LFJ5#WRJ1#WRJ2
6506547000000 7.721 2.89599 -10.8686 45.6654 -10.98 0 0 -11.4142 0 0 -2.12658 0 0 -3.50339 0 5.35855 -10.2194 2.94603 2.22262 -3.82327 
6506576000000 7.721 2.89599 -10.8686 45.6654 -10.7583 0 0 -11.4142 0 0 -2.12658 0 0 -3.50339 0 5.35855 -10.2194 2.94603 2.22262 -3.64829 
6506615000000 7.721 2.89599 -10.8686 45.6654 -10.7583 0 0 -11.4142 0 0 -2.12658 0 0 -3.50339 0 5.35855 -10.2194 2.94603 2.22262 -3.64829 
6506633000000 7.721 2.89599 -10.8686 45.6654 -10.7583 0 0 -11.4142 0 0 -2.12658 0 0 -3.50339 0 5.35855 -10.2194 2.94603 2.22262 -3.64829 
6506676000000 7.721 2.89599 -10.8686 45.6654 -10.7583 0 0 -10.9623 0 0 -2.12658 0 0 -3.50339 0 5.35855 -10.2194 2.94603 2.22262 -3.29834 
6506724000000 7.721 2.89599 -10.8686 45.6654 -10.7583 0 0 -10.9623 0 0 -2.12658 0 0 -3.50339 0 5.35855 -10.2194 2.94603 2.22262 -3.29834 
6506731000000 7.721 2.89599 -10.8686 45.6654 -10.7583 0 0 -10.9623 0 0 -2.12658 0 0 -3.50339 0 5.35855 -10.2194 2.94603 2.22262 -3.29834 
6506776000000 7.721 2.89599 -10.8686 45.6654 -10.7583 0 0 -10.9623 0 0 -2.12658 0 0 -3.50339 0 5.35855 -10.2194 2.94603 2.22262 -3.12336 
6506806000000 7.721 2.89599 -10.8686 45.6654 -10.7583 0 0 -10.9623 0 0 -2.06869 0 0 -3.36897 0 5.35855 -9.8616 2.94603 2.22262 -2.94838 
6506842000000 7.721 2.89599 -10.8686 45.6654 -10.7583 0 0 -10.9623 0 0 -2.06869 0 0 -3.36897 0 5.35855 -9.8616 2.94603 2.22262 -2.94838 
6506877000000 7.721 2.89599 -10.8686 45.6654 -10.7583 0 0 -10.9623 0 0 -2.06869 0 0 -3.36897 0 5.35855 -9.8616 2.94603 1.64996 -2.94838 
6506926000000 7.721 2.89599 -10.8686 45.6654 -10.5367 0 0 -10.9623 0 0 -2.06869 0 0 -3.36897 0 5.35855 -9.8616 2.94603 1.64996 -2.94838 
6506959000000 8.14137 2.89599 -10.8686 45.6654 -10.5367 0 0 -10.9623 0 0 -2.06869 0 0 -3.36897 0 5.35855 -9.8616 2.94603 1.64996 -2.94838 
6506987000000 8.14137 2.89599 -10.8686 45.6654 -10.5367 0 0 -10.9623 0 0 -2.06869 0 0 -3.36897 0 5.35855 -9.8616 2.94603 1.64996 -2.94838 
6507026000000 8.14137 2.89599 -10.8686 45.6654 -10.5367 0 0 -10.5104 0 0 -1.95292 0 0 -3.12688 0 5.35855 -9.2197 2.94603 1.64996 -2.94838 
6507076000000 8.14137 2.89599 -10.8686 45.6654 -10.0933 0 0 -10.5104 0 0 -1.95292 0 0 -3.10013 0 5.35855 -9.1459 2.94603 -0.0680022 -2.94838 
6507083000000 8.14137 2.89599 -10.8686 45.6654 -10.0933 0 0 -10.5104 0 0 -1.95292 0 0 -3.10013 0 5.35855 -9.1459 2.94603 2.22262 -2.94838 
6507126000000 8.14137 2.89599 -10.8686 45.6654 -9.87161 0 0 -10.5104 0 0 -1.95292 0 0 -3.10013 0 5.35855 -9.1459 2.94603 1.64996 -2.94838 
6507156000000 8.14137 2.89599 -10.8686 45.6654 -9.87161 0 0 -10.5104 0 0 -1.95292 0 0 -3.10013 0 5.35855 -9.1459 2.94603 2.22262 -2.94838 
6507176000000 8.14137 2.89599 -10.8686 45.6654 -9.64992 0 0 -10.5104 0 0 -1.95292 0 0 -3.10013 0 5.35855 -9.1459 2.94603 2.22262 -2.94838 
6507220000000 8.14137 2.89599 -10.8686 45.6654 -9.64992 0 0 -10.5104 0 0 -1.95292 0 0 -3.10013 0 5.35855 -9.1459 2.94603 2.22262 -2.94838 
6507226000000 8.14137 2.89599 -10.8686 45.6654 -9.87161 0 0 -10.5104 0 0 -1.95292 0 0 -3.10013 0 5.35855 -9.1459 2.94603 2.22262 -2.94838 
6507276000000 8.14137 2.89599 -10.8686 45.6654 -9.87161 0 0 -10.5104 0 0 -1.95292 0 0 -3.08675 0 5.35855 -9.10899 2.94603 2.22262 -3.29834 
6507289000000 8.14137 2.89599 -10.7515 46.318 -9.87161 0 0 -10.5104 0 0 -1.95292 0 0 -3.08675 0 5.35855 -9.10899 2.94603 2.22262 -3.29834 
6507327000000 8.14137 2.89599 -10.7515 46.318 -9.87161 0 0 -10.5104 0 0 -1.95292 0 0 -3.08675 0 5.35855 -9.10899 2.94603 2.22262 -3.29834 
6507377000000 8.14137 2.89599 -10.7515 46.318 -9.87161 0 0 -10.5104 0 0 -1.95292 0 0 -3.08675 0 5.35855 -9.10899 2.94603 2.22262 -3.29834 
6507407000000 8.14137 2.89599 -10.7515 46.318 -9.87161 0 0 -10.5104 0 0 -1.95292 0 0 -3.08675 0 5.35855 -9.10899 2.94603 0.504653 -3.29834 
6507449000000 8.14137 2.89599 -10.8686 45.6654 -9.87161 0 0 -10.5104 0 0 -1.89503 0 0 -2.96571 0 5.35855 -8.78805 2.94603 2.22262 -3.29834 
6507476000000 8.14137 2.89599 -10.8686 45.6654 -9.64992 0 0 -10.5104 0 0 -1.89503 0 0 -2.96571 0 5.35855 -8.78805 2.94603 2.22262 -3.29834 
6507507000000 8.14137 2.89599 -10.8686 45.6654 -9.64992 0 0 -10.2845 0 0 -1.89503 0 0 -2.96571 0 5.35855 -8.78805 2.94603 1.64996 -3.29834 
6507548000000 8.14137 2.89599 -10.8686 45.6654 -9.64992 0 0 -10.2845 0 0 -1.89503 0 0 -2.93896 0 5.35855 -8.71424 2.94603 2.22262 -3.29834 
6507577000000 8.14137 2.89599 -10.4004 48.2757 -9.20655 0 0 -9.15469 0 0 -1.77926 0 0 -2.67012 0 5.35855 -7.99853 2.94603 1.07731 -4.34821 
6507617000000 8.14137 0.377811 -10.9002 49.5809 -8.98486 0 0 -8.25088 0.33862 0 -1.66349 0 0 -2.37453 0 7.06286 -7.20903 2.94603 -0.0680022 -5.39808 
6507641000000 8.14137 -0.62946 -10.8426 51.5386 -8.54149 0 0 -8.25088 1.51364 0 -1.66349 0 0 -2.34777 0 11.3236 -7.13522 2.94603 -0.640658 -5.92301 
6507691000000 7.30062 -1.63673 -10.785 53.4963 -8.54149 4.62607 0 -7.34707 8.56379 0 -1.25828 0 2.75377 -1.46034 2.94673 19.8451 -4.77788 2.94603 -4.07659 -7.14786 
6507726000000 7.30062 -2.644 -10.7274 55.454 -8.76318 15.0559 0.647489 -5.53945 16.789 0.229008 -0.795184 9.60702 11.8099 -0.451869 19.6469 24.1059 -2.0996 2.94603 -5.79456 -9.24759 
6507759000000 7.30062 -2.644 -10.4933 56.7591 -9.20655 21.5745 8.25147 -3.50587 22.6641 6.08135 -0.563637 16.5622 17.2435 0.0724319 32.1721 25.8102 -0.705099 2.94603 -6.36722 -11.1724 
6507783000000 7.721 -2.644 -10.4933 56.7591 -9.42823 30.7006 20.0799 -0.568483 32.0643 16.6155 -0.158429 27.6906 26.2997 0.946485 48.8723 28.3666 1.61533 2.94603 -5.79456 -12.5722 
6507816000000 7.721 -2.644 -10.3763 57.4117 -9.64992 39.8267 27.6839 0.561281 36.7644 22.4679 -0.0426558 33.2547 29.9221 1.20195 57.2224 30.0709 2.29413 2.94603 -6.36722 -13.4471 
6507828000000 8.14137 -2.644 -9.9081 60.0219 -9.20655 67.205 46.2714 2.82081 50.8646 40.0249 0.188891 48.5562 44.4119 1.753 75.3142 34.3317 3.76244 2.94603 -7.51253 -13.797 
6507901000000 8.98212 -2.644 -9.67402 61.3271 -7.87643 91.9758 59.7896 4.17653 61.4398 52.9 0.131004 59.6846 58.9017 1.68547 86.4477 37.7403 3.58911 2.94603 -6.93987 -14.147 
6507926000000 9.4025 -2.644 -9.67402 61.3271 -7.65475 98.4944 61.4794 4.17653 63.7899 54.0705 0.0731177 61.0756 62.5241 1.5778 89.2311 37.7403 3.30506 2.94603 -6.36722 -13.972 
6507946000000 9.82287 -2.644 -9.67402 61.3271 -7.21137 101.102 63.1691 4.17653 66.1399 54.0705 0.0731177 62.4666 62.5241 1.59118 87.8394 37.7403 3.34197 2.94603 -5.79456 -13.797 
6507976000000 12.3451 0.881446 -8.64661 61.3271 -5.2162 107.621 67.3936 4.17653 68.49 55.2409 0.015231 63.8577 67.9578 1.49689 89.2311 37.7403 3.09483 2.94603 -5.2219 -13.622 
6508012000000 14.0266 3.90326 -8.23414 58.7168 -4.55114 108.924 69.9282 4.17653 68.49 56.4114 -0.0426558 63.8577 71.5802 1.38922 89.2311 37.7403 2.81079 2.94603 -5.79456 -13.2721 
6508048000000 16.5489 6.92508 -7.82168 56.1065 -3.6644 112.835 74.1527 3.72462 69.665 56.4114 -0.100543 65.2487 77.0139 1.29493 89.2311 37.7403 2.56365 2.94603 -6.36722 -12.9221 
6508076000000 19.0711 12.4651 -6.90944 52.1911 -2.1126 114.139 76.6873 3.49867 70.84 56.4114 -0.158429 65.2487 80.6364 1.20064 89.2311 37.7403 2.31651 2.94603 -6.93987 -12.2222 
6508126000000 19.9119 13.976 -6.93729 49.5809 -1.89091 115.443 77.5322 3.72462 72.0151 56.4114 -0.100543 65.2487 82.4476 1.33506 93.4061 37.7403 2.67436 2.94603 -6.93987 -11.8723 
6508163000000 20.3322 14.4796 -7.0246 48.2757 -1.66923 114.139 77.5322 3.95058 72.0151 56.4114 -0.100543 65.2487 82.4476 1.34844 94.7978 37.7403 2.71126 2.94603 -6.93987 -11.5223 
6508177000000 20.3322 14.9832 -6.87783 48.2757 -1.44754 115.443 77.5322 4.17653 73.1901 56.4114 0.015231 65.2487 82.4476 1.6039 94.7978 37.7403 3.39006 2.94603 -6.93987 -10.8224 
6508226000000 20.3322 14.9832 -6.87783 48.2757 -1.00417 115.443 77.5322 4.40248 73.1901 56.4114 0.0731177 66.6398 82.4476 1.75169 96.1895 37.7403 3.78481 2.94603 -6.93987 -10.4724 
6508267000000 20.3322 14.9832 -6.87783 48.2757 -0.782482 115.443 77.5322 4.40248 73.1901 56.4114 0.131004 66.6398 82.4476 1.87274 96.1895 37.7403 4.10576 2.94603 -6.93987 -10.4724 
6508283000000 20.3322 14.9832 -6.87783 48.2757 -0.560796 115.443 77.5322 4.85439 73.1901 55.2409 0.188891 66.6398 82.4476 2.00716 96.1895 37.7403 4.46361 2.94603 -6.93987 -10.1225 
6508326000000 20.3322 15.9905 -6.81837 46.9706 -0.117424 115.443 75.8424 4.85439 73.1901 55.2409 0.246778 66.6398 82.4476 2.1282 96.1895 37.7403 4.78456 2.94603 -6.93987 -9.77253 
6508332000000 20.3322 15.9905 -6.81837 46.9706 -0.117424 115.443 75.8424 4.85439 73.1901 55.2409 0.246778 66.6398 82.4476 2.1282 96.1895 37.7403 4.78456 2.94603 -6.93987 -9.77253 
6508376000000 19.9119 15.9905 -6.70133 47.6231 0.104261 116.747 75.8424 4.85439 74.3651 55.2409 0.304665 66.6398 82.4476 2.24924 97.5812 38.5924 5.1055 2.94603 -6.93987 -9.42257 
6508426000000 19.9119 15.9905 -6.70133 47.6231 0.104261 116.747 75.8424 5.30629 74.3651 55.2409 0.362551 66.6398 82.4476 2.37028 97.5812 38.5924 5.42645 2.94603 -6.93987 -9.42257 
6508430000000 19.9119 15.9905 -6.70133 47.6231 0.325947 116.747 75.8424 5.08034 74.3651 54.0705 0.362551 66.6398 82.4476 2.39704 97.5812 38.5924 5.50026 2.94603 -6.93987 -9.24759 
6508479000000 19.9119 15.9905 -6.70133 47.6231 0.104261 116.747 75.8424 5.08034 74.3651 54.0705 0.362551 66.6398 80.6364 2.39704 97.5812 38.5924 5.50026 2.94603 -5.79456 -9.24759 
6508526000000 19.9119 15.9905 -6.70133 47.6231 0.325947 118.05 75.8424 5.08034 74.3651 54.0705 0.362551 66.6398 80.6364 2.39704 97.5812 38.5924 5.50026 2.94603 -6.93987 -9.07262 
6508552000000 20.3322 15.9905 -6.70133 47.6231 0.325947 118.05 75.8424 5.08034 74.3651 54.0705 0.362551 66.6398 80.6364 2.39704 97.5812 38.5924 5.50026 2.94603 -5.79456 -8.89764 
6508579000000 20.3322 15.9905 -6.70133 47.6231 0.325947 118.05 75.8424 5.08034 75.5401 54.0705 0.362551 66.6398 80.6364 2.39704 97.5812 38.5924 5.50026 2.94603 -5.79456 -8.72266 
6508626000000 20.3322 15.9905 -6.70133 47.6231 0.325947 118.05 75.8424 5.08034 75.5401 54.0705 0.420439 66.6398 80.6364 2.51808 97.5812 38.5924 5.82121 2.94603 -5.79456 -8.89764 
6508640000000 20.3322 15.9905 -6.70133 47.6231 0.325947 118.05 75.8424 5.08034 75.5401 54.0705 0.420439 66.6398 80.6364 2.51808 97.5812 38.5924 5.82121 2.94603 -5.79456 -8.54768 
6508690000000 20.3322 15.9905 -6.70133 47.6231 0.325947 118.05 75.8424 5.08034 75.5401 54.0705 0.420439 66.6398 80.6364 2.51808 97.5812 38.5924 5.82121 2.94603 -5.79456 -8.54768 
6508726000000 20.3322 15.9905 -6.70133 47.6231 0.325947 118.05 75.8424 5.08034 75.5401 54.0705 0.420439 66.6398 80.6364 2.51808 97.5812 38.5924 5.82121 2.94603 -5.79456 -8.54768 
6508737000000 20.3322 15.9905 -6.70133 47.6231 0.325947 118.05 75.8424 5.08034 75.5401 54.0705 0.420439 66.6398 80.6364 2.51808 97.5812 38.5924 5.82121 2.94603 -5.79456 -8.54768 
6508791000000 20.3322 15.9905 -6.70133 47.6231 0.769319 118.05 75.8424 5.08034 75.5401 54.0705 0.420439 66.6398 80.6364 2.51808 96.1895 38.5924 5.82121 2.94603 -5.79456 -8.54768 
6508826000000 20.3322 15.9905 -6.70133 47.6231 0.769319 118.05 75.8424 5.08034 75.5401 54.0705 0.478326 66.6398 80.6364 2.6525 96.1895 38.5924 6.17906 2.94603 -5.79456 -8.54768 
6508876000000 20.3322 15.9905 -6.70133 47.6231 0.769319 118.05 74.9976 5.08034 75.5401 54.0705 0.478326 66.6398 80.6364 2.6525 96.1895 38.5924 6.17906 2.94603 -5.79456 -8.54768 
6508876000000 20.3322 14.9832 -6.87783 48.2757 0.769319 118.05 74.9976 5.08034 75.5401 54.0705 0.478326 66.6398 80.6364 2.6525 96.1895 38.5924 6.17906 2.94603 -5.79456 -8.54768 
6508901000000 20.3322 14.9832 -6.87783 48.2757 0.769319 118.05 74.9976 5.08034 75.5401 54.0705 0.478326 66.6398 80.6364 2.6525 96.1895 38.5924 6.17906 2.94603 -5.79456 -8.19773 
6508949000000 20.3322 14.9832 -6.87783 48.2757 0.769319 118.05 74.9976 5.08034 75.5401 54.0705 0.478326 66.6398 80.6364 2.6525 96.1895 38.5924 6.17906 2.94603 -5.79456 -8.02275 
6508977000000 20.3322 14.9832 -6.87783 48.2757 0.769319 118.05 74.9976 5.08034 75.5401 54.0705 0.478326 66.6398 80.6364 2.6525 96.1895 38.5924 6.17906 2.94603 -5.79456 -8.02275 
6509026000000 20.3322 14.9832 -6.87783 48.2757 0.769319 118.05 74.9976 5.08034 75.5401 54.0705 0.478326 66.6398 80.6364 2.6525 96.1895 38.5924 6.17906 2.94603 -5.79456 -7.84777 
6509076000000 20.3322 14.9832 -6.87783 48.2757 0.769319 118.05 74.9976 5.08034 75.5401 55.2409 0.478326 66.6398 80.6364 2.6525 96.1895 38.5924 6.17906 2.94603 -5.79456 -7.84777 
6509100000000 20.3322 14.9832 -6.87783 48.2757 0.769319 118.05 74.9976 5.08034 75.5401 55.2409 0.478326 66.6398 80.6364 2.6525 94.7978 38.5924 6.17906 2.94603 -5.79456 -7.67279 
6509127000000 20.3322 14.9832 -6.76079 48.9283 0.769319 118.05 74.9976 5.08034 75.5401 55.2409 0.478326 66.6398 80.6364 2.6525 94.7978 38.5924 6.17906 2.94603 -5.79456 -7.67279 
6509169000000 20.3322 14.9832 -6.76079 48.9283 0.769319 118.05 74.9976 5.08034 75.5401 55.2409 0.478326 66.6398 78.8251 2.6525 94.7978 38.5924 6.17906 2.94603 -5.79456 -7.67279 
6509204000000 20.3322 14.9832 -6.76079 48.9283 0.769319 118.05 74.9976 5.08034 75.5401 55.2409 0.478326 66.6398 78.8251 2.6525 94.7978 38.5924 6.17906 2.94603 -5.79456 -7.67279 
6509230000000 20.3322 14.9832 -6.76079 48.9283 0.769319 118.05 74.9976 5.08034 75.5401 55.2409 0.478326 66.6398 78.8251 2.6525 94.7978 38.5924 6.17906 2.94603 -5.79456 -7.67279 
6509276000000 20.3322 14.9832 -6.76079 48.9283 0.991005 118.05 74.9976 5.08034 75.5401 55.2409 0.536213 66.6398 78.8251 2.77355 94.7978 38.5924 6.50001 2.94603 -5.79456 -7.67279 
6509277000000 20.3322 14.9832 -6.76079 48.9283 0.991005 118.05 74.9976 5.08034 75.5401 55.2409 0.536213 66.6398 78.8251 2.77355 94.7978 38.5924 6.50001 2.94603 -5.79456 -7.67279 
6509326000000 20.3322 14.9832 -6.76079 48.9283 0.991005 118.05 74.1527 5.08034 75.5401 55.2409 0.536213 66.6398 78.8251 2.77355 94.7978 38.5924 6.50001 2.94603 -6.93987 -7.67279 
6509362000000 20.3322 14.9832 -6.76079 48.9283 0.991005 118.05 74.1527 5.08034 75.5401 55.2409 0.536213 66.6398 78.8251 2.77355 94.7978 38.5924 6.50001 2.94603 -5.2219 -7.67279 
6509385000000 20.3322 14.9832 -6.76079 48.9283 1.21269 118.05 74.1527 5.08034 75.5401 55.2409 0.536213 66.6398 78.8251 2.77355 94.7978 38.5924 6.50001 2.94603 -6.36722 -7.67279 
6509409000000 20.3322 14.9832 -6.76079 48.9283 1.21269 118.05 74.1527 5.08034 75.5401 55.2409 0.536213 66.6398 78.8251 2.77355 94.7978 38.5924 6.50001 2.94603 -5.79456 -7.67279 
6509434000000 20.3322 14.9832 -6.76079 48.9283 1.21269 118.05 74.1527 5.08034 75.5401 55.2409 0.536213 66.6398 78.8251 2.77355 94.7978 38.5924 6.50001 2.94603 -5.2219 -7.67279 
6509476000000 20.3322 14.4796 -6.90756 48.9283 1.21269 118.05 74.1527 5.08034 75.5401 55.2409 0.536213 66.6398 78.8251 2.77355 94.7978 38.5924 6.50001 2.94603 -5.2219 -7.67279 
6509507000000 20.3322 14.4796 -6.79052 49.5809 1.21269 118.05 74.1527 5.08034 75.5401 55.2409 0.536213 66.6398 78.8251 2.77355 94.7978 38.5924 6.50001 2.94603 -5.2219 -7.67279 
6509534000000 20.3322 14.4796 -6.79052 49.5809 1.21269 118.05 74.1527 5.08034 75.5401 55.2409 0.536213 66.6398 78.8251 2.77355 94.7978 38.5924 6.50001 2.94603 -5.2219 -7.67279 
6509584000000 20.7526 14.4796 -6.79052 49.5809 1.21269 118.05 74.1527 5.08034 75.5401 55.2409 0.536213 66.6398 78.8251 2.77355 94.7978 38.5924 6.50001 2.94603 -5.2219 -7.67279 
6509622000000 20.7526 14.4796 -6.79052 49.5809 1.21269 118.05 74.1527 5.08034 75.5401 55.2409 0.536213 66.6398 78.8251 2.77355 94.7978 38.5924 6.50001 2.94603 -5.2219 -7.67279 
6509632000000 20.7526 14.4796 -6.79052 49.5809 1.21269 118.05 74.1527 5.08034 75.5401 55.2409 0.594099 66.6398 78.8251 2.90796 94.7978 38.5924 6.85786 2.94603 -5.2219 -7.67279 
6509678000000 20.7526 14.4796 -6.79052 49.5809 0.991005 118.05 74.9976 5.08034 75.5401 55.2409 0.594099 66.6398 78.8251 2.90796 94.7978 38.5924 6.85786 2.94603 -5.2219 -7.67279 
6509710000000 20.7526 14.4796 -6.79052 49.5809 0.991005 118.05 74.9976 5.08034 75.5401 55.2409 0.594099 66.6398 78.8251 2.90796 94.7978 38.5924 6.85786 2.94603 -5.2219 -7.67279 
6509737000000 20.7526 14.4796 -6.79052 49.5809 0.991005 118.05 74.9976 5.08034 75.5401 55.2409 0.594099 66.6398 78.8251 2.90796 94.7978 38.5924 6.85786 2.94603 -5.2219 -7.67279 
6509776000000 20.7526 14.4796 -6.79052 49.5809 0.991005 118.05 74.9976 5.08034 75.5401 55.2409 0.594099 66.6398 78.8251 2.90796 94.7978 38.5924 6.85786 2.94603 -5.2219 -7.67279 
6509826000000 20.7526 14.4796 -6.79052 49.5809 0.991005 118.05 74.9976 5.08034 75.5401 55.2409 0.594099 66.6398 78.8251 2.90796 94.7978 38.5924 6.85786 2.94603 -5.2219 -7.67279 
6509867000000 20.7526 14.4796 -6.79052 49.5809 0.991005 118.05 74.9976 5.08034 75.5401 55.2409 0.594099 66.6398 78.8251 2.90796 94.7978 38.5924 6.85786 2.94603 -5.2219 -7.67279 
6509889000000 20.7526 14.4796 -6.79052 49.5809 0.991005 118.05 74.9976 5.08034 75.5401 55.2409 0.594099 66.6398 78.8251 2.90796 94.7978 38.5924 6.85786 2.94603 -5.2219 -7.67279 
6509926000000 20.7526 14.4796 -6.67347 50.2334 0.991005 118.05 74.9976 5.08034 75.5401 55.2409 0.594099 66.6398 78.8251 2.90796 94.7978 38.5924 6.85786 2.94603 -5.2219 -7.67279 
6509976000000 20.7526 14.4796 -6.67347 50.2334 0.991005 118.05 74.9976 5.08034 75.5401 55.2409 0.594099 66.6398 78.8251 2.90796 94.7978 38.5924 6.85786 2.94603 -5.2219 -7.67279 
6510026000000 20.7526 13.976 -6.82025 50.2334 0.991005 118.05 74.9976 5.08034 75.5401 55.2409 0.594099 66.6398 78.8251 2.90796 94.7978 38.5924 6.85786 2.94603 -5.2219 -7.67279 
6510035000000 20.7526 13.976 -6.82025 50.2334 0.991005 118.05 74.9976 5.08034 75.5401 55.2409 0.594099 66.6398 78.8251 2.90796 94.7978 38.5924 6.85786 2.94603 -5.2219 -7.67279 
6510076000000 20.7526 13.976 -6.82025 50.2334 0.991005 118.05 74.9976 5.08034 75.5401 55.2409 0.594099 66.6398 78.8251 2.90796 94.7978 38.5924 6.85786 2.94603 -5.2219 -7.67279 
6510126000000 20.7526 13.976 -6.82025 50.2334 0.991005 118.05 74.9976 5.08034 75.5401 55.2409 0.594099 66.6398 78.8251 2.90796 94.7978 38.5924 6.85786 2.94603 -5.2219 -7.67279 
6510129000000 20.7526 13.976 -6.82025 50.2334 1.21269 118.05 74.9976 5.08034 75.5401 55.2409 0.594099 66.6398 78.8251 2.90796 94.7978 38.5924 6.85786 2.94603 -5.2219 -7.67279 
6510176000000 20.7526 13.976 -6.82025 50.2334 1.21269 118.05 74.9976 5.08034 75.5401 55.2409 0.594099 66.6398 78.8251 2.90796 94.7978 38.5924 6.85786 2.94603 -5.2219 -7.67279 
6510189000000 20.7526 13.976 -6.82025 50.2334 1.21269 118.05 74.9976 5.08034 75.5401 55.2409 0.594099 66.6398 78.8251 2.90796 94.7978 38.5924 6.85786 2.94603 -5.2219 -7.67279 
6510226000000 20.7526 13.976 -6.82025 50.2334 1.21269 118.05 74.9976 5.08034 75.5401 55.2409 0.594099 66.6398 78.8251 2.89459 93.4061 38.5924 6.82095 2.94603 -5.2219 -7.67279 
6510276000000 20.7526 13.976 -6.7032 50.886 1.21269 118.05 74.9976 5.08034 75.5401 55.2409 0.594099 66.6398 78.8251 2.89459 93.4061 38.5924 6.82095 2.94603 -7.51253 -7.67279 
6510321000000 20.7526 13.976 -6.7032 50.886 1.21269 118.05 74.9976 5.08034 75.5401 55.2409 0.594099 66.6398 78.8251 2.89459 93.4061 38.5924 6.82095 2.94603 -5.2219 -7.67279 
6510341000000 20.7526 13.976 -6.7032 50.886 1.21269 118.05 74.9976 5.08034 75.5401 55.2409 0.594099 66.6398 78.8251 2.89459 93.4061 38.5924 6.82095 2.94603 -5.2219 -7.67279 
6510379000000 20.7526 13.976 -6.7032 50.886 1.21269 118.05 74.9976 5.08034 75.5401 55.2409 0.594099 66.6398 78.8251 2.90796 93.4061 38.5924 6.85786 2.94603 -4.64925 -7.67279 
6510426000000 20.7526 13.976 -6.7032 50.886 1.21269 118.05 74.9976 5.08034 75.5401 55.2409 0.594099 66.6398 78.8251 2.90796 93.4061 38.5924 6.85786 2.94603 -4.64925 -7.67279 
6510476000000 20.7526 13.976 -6.7032 50.886 1.21269 118.05 74.9976 5.08034 75.5401 55.2409 0.594099 66.6398 78.8251 2.90796 93.4061 38.5924 6.85786 2.94603 -4.64925 -7.67279 
6510523000000 20.7526 13.976 -6.7032 50.886 1.21269 118.05 74.9976 5.08034 75.5401 55.2409 0.594099 66.6398 78.8251 2.90796 93.4061 38.5924 6.85786 2.94603 -4.64925 -7.67279 
6510531000000 20.7526 13.976 -6.7032 50.886 1.21269 118.05 74.9976 5.08034 75.5401 55.2409 0.594099 66.6398 78.8251 2.90796 93.4061 38.5924 6.85786 2.94603 -4.64925 -7.67279 
6510568000000 20.7526 13.976 -6.7032 50.886 1.21269 118.05 74.9976 5.08034 75.5401 55.2409 0.594099 66.6398 78.8251 2.90796 93.4061 38.5924 6.85786 2.94603 -4.64925 -7.67279 
6510579000000 20.7526 13.976 -6.7032 50.886 1.21269 118.05 74.9976 5.08034 75.5401 55.2409 0.594099 66.6398 78.8251 2.90796 93.4061 38.5924 6.85786 2.94603 -4.64925 -7.67279 
6510626000000 20.7526 13.976 -6.7032 50.886 1.21269 118.05 74.9976 5.08034 75.5401 55.2409 0.594099 66.6398 78.8251 2.90796 93.4061 38.5924 6.85786 2.94603 -4.64925 -7.67279 
6510662000000 20.7526 13.976 -6.7032 50.886 1.21269 118.05 74.9976 5.08034 75.5401 55.2409 0.594099 66.6398 78.8251 2.90796 93.4061 38.5924 6.85786 2.94603 -4.64925 -7.67279 
6510677000000 20.7526 13.976 -6.7032 50.886 1.21269 118.05 74.9976 5.08034 75.5401 55.2409 0.594099 66.6398 78.8251 2.90796 93.4061 38.5924 6.85786 2.94603 -4.64925 -7.67279 
6510728000000 20.7526 13.976 -6.7032 50.886 1.21269 118.05 74.9976 5.08034 75.5401 55.2409 0.594099 66.6398 78.8251 2.90796 93.4061 38.5924 6.85786 2.94603 -4.64925 -7.67279 
6510776000000 20.7526 13.976 -6.7032 50.886 1.21269 118.05 74.9976 5.08034 75.5401 55.2409 0.594099 66.6398 78.8251 2.90796 93.4061 38.5924 6.85786 2.94603 -4.64925 -7.67279 
6510826000000 20.7526 13.4723 -6.84998 50.886 1.21269 118.05 74.9976 5.08034 75.5401 55.2409 0.594099 66.6398 78.8251 2.90796 93.4061 38.5924 6.85786 2.94603 -5.79456 -7.67279 
6510841000000 20.7526 13.4723 -6.84998 50.886 1.21269 118.05 74.9976 5.08034 75.5401 55.2409 0.594099 66.6398 78.8251 2.90796 93.4061 38.5924 6.85786 2.94603 -4.64925 -7.67279 
6510879000000 20.7526 13.4723 -6.84998 50.886 1.21269 118.05 74.9976 5.08034 75.5401 55.2409 0.594099 66.6398 78.8251 2.90796 93.4061 38.5924 6.85786 2.94603 -4.64925 -7.67279 
6510926000000 20.7526 13.4723 -6.84998 50.886 1.21269 118.05 74.9976 5.08034 75.5401 55.2409 0.651986 66.6398 78.8251 3.02901 93.4061 38.5924 7.1788 2.94603 -4.64925 -7.67279 
6510937000000 20.7526 13.4723 -6.84998 50.886 1.21269 118.05 74.9976 5.08034 75.5401 55.2409 0.651986 66.6398 78.8251 3.02901 93.4061 38.5924 7.1788 2.94603 -4.64925 -7.67279 
6510976000000 20.7526 13.4723 -6.84998 50.886 1.21269 118.05 74.9976 5.08034 75.5401 55.2409 0.651986 66.6398 78.8251 3.02901 93.4061 38.5924 7.1788 2.94603 -4.64925 -7.67279 
6511026000000 20.7526 13.4723 -6.84998 50.886 1.21269 118.05 74.9976 5.08034 75.5401 55.2409 0.651986 66.6398 78.8251 3.02901 93.4061 38.5924 7.1788 2.94603 -4.64925 -7.67279 
6511027000000 20.7526 13.4723 -6.84998 50.886 1.21269 118.05 74.9976 5.08034 75.5401 55.2409 0.651986 66.6398 78.8251 3.02901 93.4061 38.5924 7.1788 2.94603 -4.64925 -7.67279 
