#time#THJ1#THJ2#THJ3#THJ4#THJ5#FFJ0#FFJ3#FFJ4#MFJ0#MFJ3#MFJ4#RFJ0#RFJ3#RFJ4#LFJ0#LFJ3#LFJ4#LFJ5#WRJ1#WRJ2
6482576000000 22.0137 27.0705 -2.18485 54.8014 1.21269 124.569 61.4794 5.30629 73.1901 27.1497 2.04127 74.986 82.4476 6.13469 160.207 59.044 15.4351 2.94603 -5.79456 0.726159 
6482606000000 22.0137 26.5669 -2.33162 54.8014 1.21269 125.873 61.4794 5.30629 73.1901 27.1497 2.04127 74.986 82.4476 6.13469 160.207 59.044 15.4351 2.94603 -5.79456 0.726159 
6482631000000 22.0137 26.5669 -2.33162 54.8014 1.21269 125.873 61.4794 5.30629 73.1901 27.1497 2.04127 74.986 82.4476 6.13469 160.207 59.044 15.4351 2.94603 -5.79456 0.726159 
6482680000000 22.0137 26.5669 -2.33162 54.8014 1.21269 125.873 61.4794 5.30629 73.1901 27.1497 2.04127 74.986 82.4476 6.13469 158.815 59.044 15.4351 2.94603 -5.79456 0.726159 
6482726000000 22.0137 26.5669 -2.33162 54.8014 1.21269 125.873 61.4794 5.30629 73.1901 28.3202 2.04127 74.986 82.4476 6.13469 158.815 59.044 15.4351 2.94603 -4.64925 0.726159 
6482742000000 22.0137 26.5669 -2.33162 54.8014 1.21269 125.873 61.4794 5.30629 73.1901 28.3202 2.04127 74.986 82.4476 6.13469 158.815 59.044 15.4351 2.94603 -4.64925 0.726159 
6482776000000 22.0137 26.5669 -2.33162 54.8014 1.21269 125.873 61.4794 5.30629 73.1901 28.3202 2.04127 74.986 82.4476 6.13469 158.815 59.044 15.4351 2.94603 -4.64925 0.726159 
6482826000000 22.0137 26.5669 -2.33162 54.8014 1.21269 125.873 61.4794 5.30629 73.1901 28.3202 2.04127 74.986 82.4476 6.13469 158.815 59.044 15.4351 2.94603 -6.36722 0.901137 
6482867000000 22.0137 26.5669 -2.33162 54.8014 1.21269 125.873 61.4794 5.30629 73.1901 28.3202 2.04127 74.986 82.4476 6.13469 158.815 59.044 15.4351 2.94603 -5.2219 0.901137 
6482893000000 22.0137 27.0705 -2.30189 54.1488 1.21269 125.873 61.4794 5.30629 73.1901 28.3202 2.04127 74.986 82.4476 6.13469 158.815 59.044 15.4351 2.94603 -6.93987 0.901137 
6482926000000 22.0137 27.0705 -2.30189 54.1488 1.21269 125.873 61.4794 5.30629 73.1901 28.3202 2.04127 74.986 82.4476 6.13469 158.815 59.044 15.4351 2.94603 -4.64925 0.901137 
6482952000000 22.0137 27.0705 -2.30189 54.1488 0.991005 125.873 61.4794 5.30629 73.1901 28.3202 2.04127 74.986 82.4476 6.14806 158.815 59.044 15.472 2.94603 -4.64925 0.901137 
6482977000000 22.0137 27.0705 -2.30189 54.1488 0.991005 125.873 61.4794 5.30629 73.1901 28.3202 2.04127 74.986 82.4476 6.14806 158.815 59.044 15.472 2.94603 -4.64925 0.901137 
6483026000000 22.0137 27.0705 -2.30189 54.1488 0.991005 125.873 61.4794 5.30629 73.1901 28.3202 2.04127 74.986 82.4476 6.14806 158.815 59.044 15.472 2.94603 -4.64925 0.901137 
6483073000000 22.0137 27.0705 -2.30189 54.1488 0.991005 125.873 61.4794 5.30629 73.1901 28.3202 2.04127 74.986 82.4476 6.14806 157.424 59.044 15.472 2.94603 -4.64925 0.901137 
6483085000000 22.0137 27.0705 -2.53598 52.8437 0.991005 125.873 61.4794 5.30629 73.1901 28.3202 2.04127 74.986 82.4476 6.14806 157.424 59.044 15.472 2.94603 -6.36722 0.901137 
6483126000000 22.0137 27.0705 -2.53598 52.8437 0.991005 125.873 61.4794 5.30629 73.1901 28.3202 2.04127 74.986 82.4476 6.14806 157.424 59.044 15.472 2.94603 -4.64925 1.25109 
6483143000000 22.0137 27.0705 -2.77007 51.5386 0.547633 125.873 61.4794 5.30629 73.1901 28.3202 2.04127 74.986 82.4476 6.14806 157.424 59.044 15.472 2.94603 -4.64925 1.25109 
6483176000000 22.0137 27.0705 -2.88711 50.886 0.325947 125.873 61.4794 5.30629 73.1901 28.3202 2.04127 74.986 82.4476 6.14806 157.424 59.044 15.472 2.94603 -4.07659 1.42607 
6483189000000 22.0137 27.0705 -2.88711 50.886 0.325947 125.873 61.4794 5.30629 73.1901 28.3202 2.04127 74.986 82.4476 6.14806 157.424 59.044 15.472 2.94603 -4.07659 1.42607 
6483227000000 22.0137 27.0705 -2.77007 51.5386 0.325947 125.873 61.4794 5.30629 73.1901 28.3202 2.04127 74.986 82.4476 6.14806 157.424 59.044 15.472 2.94603 -4.64925 1.42607 
6483276000000 22.0137 27.0705 -2.77007 51.5386 0.325947 125.873 61.4794 5.30629 73.1901 28.3202 2.04127 74.986 82.4476 6.14806 157.424 59.044 15.472 2.94603 -4.07659 1.42607 
6483290000000 22.0137 26.5669 -2.91684 51.5386 0.325947 127.176 61.4794 5.30629 73.1901 28.3202 2.04127 74.986 82.4476 6.14806 157.424 59.044 15.472 2.94603 -4.07659 1.42607 
6483335000000 22.0137 26.5669 -2.91684 51.5386 0.325947 127.176 61.4794 5.53225 73.1901 28.3202 2.04127 74.986 82.4476 6.14806 157.424 59.044 15.472 2.94603 -5.2219 1.42607 
6483378000000 22.0137 26.5669 -2.91684 51.5386 0.325947 127.176 61.4794 5.53225 73.1901 28.3202 2.04127 74.986 82.4476 6.14806 156.032 59.044 15.472 2.94603 -4.64925 1.42607 
6483426000000 22.0137 26.5669 -2.91684 51.5386 0.325947 127.176 61.4794 5.53225 73.1901 28.3202 2.04127 74.986 82.4476 6.14806 156.032 59.044 15.472 2.94603 -4.64925 1.42607 
6483457000000 22.0137 26.5669 -2.91684 51.5386 0.325947 127.176 61.4794 5.53225 73.1901 28.3202 2.04127 74.986 82.4476 6.14806 156.032 59.044 15.472 2.94603 -4.64925 1.42607 
6483480000000 22.0137 26.5669 -2.91684 51.5386 0.325947 127.176 61.4794 5.53225 73.1901 28.3202 2.04127 74.986 82.4476 6.14806 156.032 59.044 15.472 2.94603 -4.64925 1.42607 
6483526000000 22.0137 26.5669 -2.91684 51.5386 0.325947 127.176 61.4794 5.53225 73.1901 28.3202 2.04127 74.986 82.4476 6.14806 156.032 59.044 15.472 2.94603 -4.64925 1.42607 
6483531000000 22.0137 26.5669 -2.91684 51.5386 0.325947 127.176 61.4794 5.53225 73.1901 28.3202 2.04127 74.986 82.4476 6.14806 156.032 59.044 15.472 2.94603 -4.64925 1.42607 
6483576000000 22.0137 26.5669 -2.91684 51.5386 0.325947 127.176 61.4794 5.53225 73.1901 28.3202 2.04127 74.986 82.4476 6.14806 156.032 59.044 15.472 2.94603 -4.64925 1.42607 
6483591000000 22.0137 26.5669 -2.91684 51.5386 0.325947 127.176 61.4794 5.53225 73.1901 28.3202 2.04127 74.986 82.4476 6.14806 156.032 59.044 15.472 2.94603 -5.79456 1.60105 
6483652000000 22.0137 26.5669 -2.91684 51.5386 0.325947 127.176 61.4794 5.53225 73.1901 28.3202 2.04127 74.986 82.4476 6.14806 156.032 59.044 15.472 2.94603 -4.07659 1.60105 
6483676000000 22.0137 26.5669 -2.91684 51.5386 0.325947 127.176 61.4794 5.53225 73.1901 28.3202 2.04127 74.986 82.4476 6.14806 157.424 59.044 15.472 2.94603 -4.07659 1.60105 
6483709000000 22.0137 26.5669 -2.91684 51.5386 0.325947 127.176 61.4794 5.53225 73.1901 28.3202 2.04127 74.986 82.4476 6.14806 157.424 59.044 15.472 2.94603 -5.79456 1.60105 
6483728000000 21.5934 26.5669 -2.91684 51.5386 0.325947 128.48 61.4794 5.53225 73.1901 28.3202 2.04127 74.986 82.4476 6.14806 157.424 59.044 15.472 2.94603 -4.07659 1.60105 
6483776000000 21.5934 26.5669 -2.91684 51.5386 0.325947 128.48 61.4794 5.53225 73.1901 28.3202 2.04127 74.986 82.4476 6.14806 157.424 59.044 15.472 2.94603 -4.07659 1.60105 
6483821000000 21.5934 26.5669 -2.91684 51.5386 0.325947 128.48 61.4794 5.53225 73.1901 28.3202 2.04127 74.986 82.4476 6.14806 157.424 59.044 15.472 2.94603 -4.64925 1.60105 
6483826000000 21.5934 26.5669 -2.91684 51.5386 0.325947 128.48 61.4794 5.53225 73.1901 28.3202 2.04127 74.986 82.4476 6.14806 157.424 59.044 15.472 2.94603 -4.07659 1.60105 
6483876000000 21.5934 25.056 -3.35716 51.5386 0.325947 128.48 62.3243 5.53225 73.1901 28.3202 2.04127 74.986 82.4476 6.14806 157.424 59.044 15.472 2.94603 -4.07659 0.551181 
6483926000000 19.9119 20.0196 -4.82489 51.5386 -0.560796 128.48 62.3243 5.53225 73.1901 28.3202 2.04127 72.2039 82.4476 6.10793 160.207 59.044 15.3613 2.94603 -4.64925 0.0262468 
6483929000000 18.2304 15.9905 -5.64794 53.4963 -0.782482 128.48 62.3243 5.53225 73.1901 28.3202 2.04127 70.8129 82.4476 6.09456 158.815 59.8962 15.3244 2.94603 -3.50394 -0.498688 
6483976000000 13.6062 7.42871 -7.55786 56.7591 -4.10777 128.48 57.2549 6.43606 73.1901 25.9793 1.86761 69.4218 82.4476 5.6913 157.424 59.8962 14.2508 2.94603 -2.93128 -1.89851 
6483987000000 11.9247 4.91053 -8.29173 56.7591 -7.21137 128.48 53.8754 6.66201 73.1901 25.9793 1.80972 69.4218 82.4476 5.53012 156.032 58.1919 13.8192 2.94603 -2.93128 -3.29834 
6484029000000 10.6636 3.90326 -8.58527 56.7591 -8.31981 128.48 50.4958 6.88796 70.84 25.9793 1.75183 69.4218 82.4476 5.38233 156.032 57.3397 13.4244 2.94603 -1.21332 -4.17323 
6484078000000 10.2432 2.89599 -9.1129 55.454 -9.20655 128.48 50.4958 7.11392 70.84 25.9793 1.75183 69.4218 82.4476 5.38233 156.032 57.3397 13.4244 2.94603 -1.21332 -4.34821 
6484126000000 11.084 3.39963 -9.20022 54.1488 -8.98486 128.48 50.4958 7.11392 70.84 25.9793 1.75183 69.4218 82.4476 5.39571 156.032 57.3397 13.4613 2.94603 -1.21332 -3.82327 
6484160000000 11.5044 3.39963 -9.20022 54.1488 -8.98486 128.48 50.4958 7.11392 70.84 25.9793 1.75183 69.4218 82.4476 5.39571 156.032 57.3397 13.4613 2.94603 -2.93128 -3.82327 
6484176000000 11.9247 3.39963 -9.20022 54.1488 -8.54149 128.48 53.0305 7.11392 70.84 25.9793 1.75183 69.4218 82.4476 5.39571 156.032 57.3397 13.4613 2.94603 -1.21332 -3.82327 
6484226000000 12.3451 3.39963 -9.20022 54.1488 -8.09812 128.48 54.7203 6.66201 70.84 25.9793 1.75183 69.4218 82.4476 5.39571 156.032 57.3397 13.4613 2.94603 -1.78597 -3.47332 
6484269000000 14.0266 4.4069 -9.2578 52.1911 -7.43306 128.48 57.2549 6.43606 70.84 25.9793 1.75183 69.4218 82.4476 5.39571 156.032 57.3397 13.4613 2.94603 -1.78597 -3.12336 
6484276000000 14.447 4.91053 -8.99399 52.8437 -6.54632 128.48 58.9447 6.2101 70.84 28.3202 1.75183 69.4218 82.4476 5.39571 156.032 57.3397 13.4613 2.94603 -2.93128 -2.42345 
6484326000000 15.2877 5.91781 -8.93453 51.5386 -5.43789 128.48 60.6345 5.98415 70.84 28.3202 1.86761 69.4218 82.4476 5.63779 156.032 57.3397 14.1032 2.94603 -4.07659 -1.89851 
6484336000000 16.9692 9.94689 -8.69669 46.318 -3.88609 128.48 63.1691 5.7582 70.84 28.3202 1.86761 69.4218 80.6364 5.66454 156.032 58.1919 14.177 2.94603 -5.79456 -1.1986 
6484376000000 18.2304 11.9614 -8.9289 41.75 -3.22103 128.48 64.014 5.53225 73.1901 28.3202 1.80972 69.4218 80.6364 5.55688 156.032 58.1919 13.893 2.94603 -5.79456 -0.498688 
6484412000000 19.0711 12.9687 -9.22057 38.4872 -3.44271 127.176 64.014 5.7582 73.1901 28.3202 1.86761 69.4218 80.6364 5.67792 158.815 58.1919 14.2139 2.94603 -5.79456 -0.498688 
6484450000000 20.3322 12.9687 -9.10353 39.1398 -2.77766 127.176 64.8589 5.53225 72.0151 28.3202 1.86761 69.4218 80.6364 5.6913 158.815 58.1919 14.2508 2.94603 -5.79456 -0.323709 
6484476000000 20.7526 13.4723 -8.95675 39.1398 -2.1126 127.176 64.8589 5.98415 72.0151 28.3202 1.86761 69.4218 80.6364 5.70467 160.207 58.1919 14.2877 2.94603 -5.79456 0.201225 
6484505000000 20.3322 13.4723 -9.0738 38.4872 -2.1126 127.176 64.014 5.98415 72.0151 28.3202 1.86761 69.4218 80.6364 5.71805 160.207 58.1919 14.3246 2.94603 -5.79456 0.0262468 
6484541000000 20.7526 13.4723 -8.83971 39.7923 -1.66923 127.176 64.014 6.2101 72.0151 28.3202 1.86761 69.4218 80.6364 5.71805 160.207 59.044 14.3246 2.94603 -5.79456 0.0262468 
6484576000000 21.173 13.4723 -8.60562 41.0975 -1.44754 127.176 64.014 6.2101 72.0151 28.3202 1.86761 69.4218 80.6364 5.73143 160.207 59.044 14.3615 2.94603 -5.79456 0.0262468 
6484626000000 21.173 13.4723 -8.60562 41.0975 -1.22586 127.176 64.014 6.2101 72.0151 28.3202 1.86761 69.4218 80.6364 5.73143 160.207 59.044 14.3615 2.94603 -5.79456 0.0262468 
6484657000000 21.173 13.4723 -8.72267 40.4449 -1.44754 125.873 64.014 6.2101 72.0151 28.3202 1.86761 69.4218 80.6364 5.73143 160.207 59.044 14.3615 2.94603 -5.79456 0.0262468 
6484685000000 21.173 13.4723 -8.72267 40.4449 -1.66923 125.873 64.014 6.2101 72.0151 28.3202 1.86761 69.4218 80.6364 5.73143 160.207 59.044 14.3615 2.94603 -5.79456 0.0262468 
6484726000000 21.173 13.4723 -8.72267 40.4449 -1.66923 125.873 64.014 6.2101 72.0151 28.3202 1.86761 69.4218 80.6364 5.73143 160.207 59.044 14.3615 2.94603 -5.79456 0.0262468 
6484776000000 21.173 13.4723 -8.72267 40.4449 -1.66923 125.873 64.014 6.2101 72.0151 28.3202 1.86761 69.4218 80.6364 5.73143 160.207 59.044 14.3615 2.94603 -5.79456 0.0262468 
6484799000000 21.173 13.4723 -8.72267 40.4449 -1.66923 125.873 64.014 6.2101 72.0151 28.3202 1.86761 69.4218 80.6364 5.73143 160.207 59.044 14.3615 2.94603 -5.79456 0.0262468 
6484826000000 21.173 13.976 -8.57589 40.4449 -1.66923 125.873 64.014 6.2101 72.0151 28.3202 1.86761 69.4218 80.6364 5.73143 160.207 59.044 14.3615 2.94603 -4.64925 0.0262468 
6484858000000 21.173 13.976 -8.57589 40.4449 -1.66923 125.873 64.014 6.2101 72.0151 28.3202 1.86761 69.4218 80.6364 5.7448 160.207 59.044 14.3984 2.94603 -4.64925 0.0262468 
6484880000000 21.173 13.976 -8.57589 40.4449 -1.66923 125.873 64.014 6.2101 72.0151 28.3202 1.86761 69.4218 80.6364 5.7448 160.207 59.044 14.3984 2.94603 -4.64925 0.0262468 
6484913000000 21.173 13.976 -8.57589 40.4449 -1.66923 125.873 64.014 6.2101 70.84 28.3202 1.86761 69.4218 80.6364 5.7448 160.207 59.044 14.3984 2.94603 -4.64925 0.0262468 
6484953000000 21.173 13.976 -8.57589 40.4449 -1.66923 125.873 64.014 6.2101 70.84 28.3202 1.86761 69.4218 80.6364 5.7448 160.207 59.044 14.3984 2.94603 -4.64925 0.0262468 
6484976000000 21.173 13.4723 -8.72267 40.4449 -1.66923 125.873 64.014 6.2101 70.84 28.3202 1.86761 69.4218 80.6364 5.7448 160.207 59.044 14.3984 2.94603 -4.64925 0.0262468 
6485018000000 21.173 13.4723 -8.60562 41.0975 -1.66923 125.873 64.014 6.2101 70.84 28.3202 1.86761 69.4218 80.6364 5.7448 160.207 59.044 14.3984 2.94603 -5.79456 0.0262468 
6485038000000 21.173 13.4723 -8.60562 41.0975 -1.66923 125.873 64.014 6.2101 70.84 28.3202 1.86761 69.4218 80.6364 5.7448 160.207 59.044 14.3984 2.94603 -4.07659 0.0262468 
6485076000000 21.173 13.4723 -8.60562 41.0975 -1.66923 125.873 64.014 6.2101 70.84 28.3202 1.86761 69.4218 80.6364 5.7448 160.207 59.044 14.3984 2.94603 -4.07659 0.0262468 
6485107000000 21.173 13.4723 -8.60562 41.0975 -1.66923 125.873 64.014 6.2101 70.84 28.3202 1.86761 69.4218 80.6364 5.7448 160.207 59.044 14.3984 2.94603 -4.07659 0.201225 
6485126000000 21.173 13.4723 -8.60562 41.0975 -1.66923 125.873 64.014 6.2101 70.84 28.3202 1.86761 69.4218 80.6364 5.7448 160.207 59.044 14.3984 2.94603 -4.07659 0.201225 
6485176000000 21.173 13.4723 -8.60562 41.0975 -1.66923 125.873 64.014 6.2101 70.84 28.3202 1.86761 69.4218 80.6364 5.7448 160.207 59.044 14.3984 2.94603 -4.07659 0.201225 
6485219000000 21.173 13.4723 -8.60562 41.0975 -1.66923 125.873 64.014 6.2101 70.84 28.3202 1.86761 69.4218 80.6364 5.7448 160.207 59.044 14.3984 2.94603 -4.07659 0.201225 
6485227000000 21.173 13.4723 -8.60562 41.0975 -1.66923 125.873 64.014 6.2101 70.84 28.3202 1.86761 69.4218 80.6364 5.7448 160.207 59.044 14.3984 2.94603 -4.07659 0.201225 
6485276000000 21.173 13.4723 -8.60562 41.0975 -1.66923 125.873 64.014 6.2101 70.84 28.3202 1.86761 69.4218 80.6364 5.7448 160.207 59.044 14.3984 2.94603 -4.07659 0.201225 
6485323000000 21.173 13.4723 -8.60562 41.0975 -1.66923 125.873 64.014 6.2101 70.84 28.3202 1.86761 69.4218 80.6364 5.7448 160.207 59.044 14.3984 2.94603 -4.07659 0.201225 
6485329000000 21.173 13.4723 -8.60562 41.0975 -1.66923 125.873 64.014 6.2101 70.84 28.3202 1.86761 69.4218 80.6364 5.7448 160.207 59.044 14.3984 2.94603 -4.07659 0.201225 
6485379000000 21.173 13.4723 -8.60562 41.0975 -1.66923 125.873 64.014 6.2101 70.84 28.3202 1.86761 69.4218 80.6364 5.7448 160.207 59.044 14.3984 2.94603 -4.07659 0.201225 
6485426000000 21.173 12.9687 -8.7524 41.0975 -1.66923 125.873 64.014 6.2101 70.84 28.3202 1.86761 69.4218 80.6364 5.7448 160.207 59.044 14.3984 2.94603 -4.07659 0.201225 
6485476000000 21.173 12.9687 -8.63535 41.75 -1.66923 125.873 64.014 6.2101 70.84 28.3202 1.86761 69.4218 80.6364 5.7448 160.207 59.044 14.3984 2.94603 -4.07659 0.201225 
6485513000000 21.173 12.9687 -8.63535 41.75 -1.66923 125.873 64.014 6.2101 70.84 28.3202 1.86761 69.4218 80.6364 5.7448 160.207 59.044 14.3984 2.94603 -4.07659 0.201225 
6485526000000 21.173 12.9687 -8.63535 41.75 -1.66923 125.873 64.014 6.2101 70.84 28.3202 1.86761 69.4218 80.6364 5.7448 160.207 59.044 14.3984 2.94603 -4.07659 0.201225 
6485552000000 21.173 12.9687 -8.63535 41.75 -1.66923 125.873 64.014 6.2101 70.84 28.3202 1.86761 69.4218 80.6364 5.7448 160.207 59.044 14.3984 2.94603 -4.07659 0.201225 
6485576000000 21.173 12.9687 -8.63535 41.75 -1.66923 125.873 64.014 6.2101 70.84 28.3202 1.86761 69.4218 80.6364 5.7448 160.207 59.044 14.3984 2.94603 -4.07659 0.201225 
6485607000000 21.173 12.9687 -8.63535 41.75 -1.66923 125.873 64.014 6.2101 70.84 28.3202 1.86761 69.4218 80.6364 5.7448 160.207 59.044 14.3984 2.94603 -4.07659 0.201225 
6485676000000 21.173 12.9687 -8.63535 41.75 -1.66923 125.873 64.014 6.2101 70.84 28.3202 1.86761 69.4218 80.6364 5.7448 160.207 59.044 14.3984 2.94603 -5.2219 0.201225 
6485683000000 21.173 12.9687 -8.63535 41.75 -1.66923 125.873 64.014 6.2101 70.84 28.3202 1.86761 69.4218 80.6364 5.7448 160.207 59.044 14.3984 2.94603 -3.50394 0.201225 
6485726000000 21.173 12.9687 -8.63535 41.75 -1.66923 125.873 64.014 6.2101 70.84 28.3202 1.86761 69.4218 80.6364 5.7448 160.207 59.044 14.3984 2.94603 -3.50394 0.201225 
6485740000000 21.173 12.9687 -8.63535 41.75 -1.66923 125.873 64.014 6.2101 70.84 28.3202 1.86761 69.4218 80.6364 5.7448 160.207 59.044 14.3984 2.94603 -3.50394 0.201225 
6485776000000 21.173 12.9687 -8.63535 41.75 -1.66923 125.873 64.014 6.2101 70.84 28.3202 1.86761 69.4218 80.6364 5.7448 160.207 59.044 14.3984 2.94603 -3.50394 0.201225 
6485784000000 21.173 12.9687 -8.63535 41.75 -1.66923 125.873 64.014 6.2101 70.84 28.3202 1.86761 69.4218 80.6364 5.7448 160.207 59.044 14.3984 2.94603 -3.50394 0.201225 
6485834000000 20.7526 12.9687 -8.63535 41.75 -1.66923 125.873 64.014 6.2101 70.84 28.3202 1.86761 69.4218 80.6364 5.7448 160.207 59.044 14.3984 2.94603 -3.50394 0.0262468 
6485897000000 20.7526 12.9687 -8.63535 41.75 -1.66923 125.873 64.014 6.2101 70.84 28.3202 1.86761 69.4218 80.6364 5.7448 160.207 59.044 14.3984 2.94603 -3.50394 0.0262468 
6485926000000 20.7526 12.9687 -8.63535 41.75 -1.66923 125.873 64.014 6.2101 70.84 28.3202 1.86761 69.4218 80.6364 5.7448 160.207 59.044 14.3984 2.94603 -3.50394 0.0262468 
6485942000000 20.7526 12.9687 -8.63535 41.75 -1.66923 125.873 64.014 6.2101 70.84 28.3202 1.86761 69.4218 80.6364 5.7448 160.207 59.044 14.3984 2.94603 -3.50394 0.0262468 
6486004000000 20.7526 12.9687 -8.51831 42.4026 -1.66923 125.873 64.014 6.2101 70.84 28.3202 1.86761 69.4218 80.6364 5.7448 160.207 59.044 14.3984 2.94603 -3.50394 0.0262468 
6486027000000 20.7526 12.9687 -8.51831 42.4026 -1.66923 125.873 64.014 6.2101 70.84 28.3202 1.86761 69.4218 80.6364 5.7448 160.207 59.044 14.3984 2.94603 -3.50394 0.0262468 
6486069000000 20.7526 12.9687 -8.51831 42.4026 -1.66923 125.873 64.014 6.2101 70.84 28.3202 1.86761 69.4218 80.6364 5.7448 160.207 59.044 14.3984 2.94603 -3.50394 0.0262468 
6486076000000 20.7526 12.9687 -8.51831 42.4026 -1.66923 125.873 64.014 6.2101 70.84 28.3202 1.86761 69.4218 80.6364 5.7448 160.207 59.044 14.3984 2.94603 -3.50394 0.0262468 
6486110000000 20.7526 12.4651 -8.66508 42.4026 -1.66923 125.873 64.014 6.2101 70.84 28.3202 1.86761 69.4218 80.6364 5.7448 160.207 59.044 14.3984 2.94603 -3.50394 0.0262468 
6486136000000 20.7526 12.4651 -8.66508 42.4026 -1.66923 125.873 64.014 6.2101 70.84 28.3202 1.86761 69.4218 80.6364 5.7448 160.207 59.044 14.3984 2.94603 -3.50394 0.0262468 
6486184000000 20.7526 12.4651 -8.66508 42.4026 -1.66923 125.873 64.014 6.2101 70.84 28.3202 1.86761 69.4218 80.6364 5.7448 160.207 59.044 14.3984 2.94603 -5.79456 0.0262468 
6486212000000 20.7526 12.4651 -8.66508 42.4026 -1.66923 125.873 64.014 6.2101 70.84 28.3202 1.86761 69.4218 80.6364 5.7448 160.207 59.044 14.3984 2.94603 -3.50394 0.0262468 
6486270000000 20.7526 12.4651 -8.66508 42.4026 -1.66923 125.873 64.014 6.2101 70.84 28.3202 1.86761 69.4218 80.6364 5.7448 160.207 59.044 14.3984 2.94603 -4.64925 0.0262468 
6486276000000 20.7526 12.4651 -8.66508 42.4026 -1.66923 125.873 64.014 6.2101 70.84 28.3202 1.86761 69.4218 80.6364 5.7448 160.207 59.044 14.3984 2.94603 -3.50394 0.0262468 
6486316000000 20.7526 12.4651 -8.66508 42.4026 -1.66923 125.873 64.014 6.2101 70.84 28.3202 1.86761 69.4218 80.6364 5.7448 160.207 59.044 14.3984 2.94603 -4.07659 0.0262468 
6486326000000 20.7526 12.4651 -8.66508 42.4026 -1.66923 125.873 64.014 6.2101 70.84 28.3202 1.86761 69.4218 80.6364 5.7448 160.207 59.044 14.3984 2.94603 -4.07659 0.0262468 
6486388000000 20.7526 12.4651 -8.66508 42.4026 -1.66923 125.873 64.014 6.2101 70.84 28.3202 1.86761 69.4218 80.6364 5.7448 160.207 59.044 14.3984 2.94603 -3.50394 0.0262468 
6486426000000 20.7526 12.4651 -8.66508 42.4026 -1.66923 125.873 64.014 6.2101 70.84 28.3202 1.86761 69.4218 80.6364 5.7448 160.207 59.044 14.3984 2.94603 -4.07659 0.0262468 
6486472000000 20.7526 12.4651 -8.54804 43.0552 -1.66923 125.873 64.014 6.2101 70.84 28.3202 1.86761 69.4218 80.6364 5.7448 160.207 59.044 14.3984 2.94603 -4.07659 0.0262468 
6486476000000 20.7526 12.4651 -8.54804 43.0552 -1.66923 125.873 64.014 6.2101 70.84 28.3202 1.86761 69.4218 80.6364 5.7448 160.207 59.044 14.3984 2.94603 -3.50394 0.0262468 
6486526000000 20.7526 12.4651 -8.54804 43.0552 -1.66923 125.873 64.014 6.2101 70.84 28.3202 1.86761 69.4218 80.6364 5.7448 160.207 59.044 14.3984 2.94603 -4.07659 0.0262468 
6486531000000 20.7526 12.4651 -8.54804 43.0552 -1.66923 125.873 64.014 6.2101 70.84 28.3202 1.86761 70.8129 80.6364 5.7448 160.207 59.044 14.3984 2.94603 -3.50394 0.0262468 
6486618000000 20.7526 12.4651 -8.54804 43.0552 -1.66923 125.873 64.014 6.2101 70.84 28.3202 1.86761 70.8129 80.6364 5.7448 160.207 59.044 14.3984 2.94603 -3.50394 0.0262468 
6486633000000 20.7526 12.4651 -8.54804 43.0552 -1.66923 125.873 64.014 6.2101 70.84 28.3202 1.86761 70.8129 80.6364 5.7448 160.207 59.044 14.3984 2.94603 -4.07659 0.0262468 
6486661000000 20.7526 12.4651 -8.54804 43.0552 -1.66923 125.873 64.014 6.2101 70.84 28.3202 1.86761 70.8129 80.6364 5.7448 160.207 59.044 14.3984 2.94603 -3.50394 0.0262468 
6486689000000 20.7526 12.4651 -8.54804 43.0552 -1.66923 125.873 64.014 6.2101 70.84 28.3202 1.86761 70.8129 80.6364 5.7448 160.207 59.044 14.3984 2.94603 -3.50394 0.0262468 
6486757000000 20.7526 12.4651 -8.54804 43.0552 -1.66923 125.873 64.014 6.2101 70.84 28.3202 1.86761 70.8129 80.6364 5.7448 160.207 59.044 14.3984 2.94603 -3.50394 0.201225 
6486780000000 20.7526 12.4651 -8.54804 43.0552 -1.66923 125.873 64.014 6.2101 70.84 28.3202 1.86761 70.8129 80.6364 5.7448 160.207 59.044 14.3984 2.94603 -3.50394 0.201225 
6486826000000 20.7526 12.4651 -8.54804 43.0552 -1.66923 125.873 64.014 6.2101 70.84 28.3202 1.86761 70.8129 80.6364 5.7448 160.207 59.044 14.3984 2.94603 -4.64925 0.201225 
6486827000000 20.7526 12.4651 -8.54804 43.0552 -1.66923 125.873 64.014 6.2101 70.84 28.3202 1.86761 70.8129 80.6364 5.7448 160.207 59.044 14.3984 2.94603 -4.07659 0.201225 
6486873000000 20.7526 12.4651 -8.54804 43.0552 -1.66923 125.873 64.014 6.2101 70.84 28.3202 1.86761 70.8129 80.6364 5.7448 160.207 59.044 14.3984 2.94603 -3.50394 0.201225 
6486877000000 20.7526 12.4651 -8.54804 43.0552 -1.66923 125.873 64.014 6.2101 70.84 28.3202 1.86761 70.8129 80.6364 5.7448 160.207 59.044 14.3984 2.94603 -3.50394 0.201225 
6486926000000 20.7526 12.4651 -8.54804 43.0552 -1.66923 125.873 64.014 6.2101 70.84 28.3202 1.86761 70.8129 80.6364 5.7448 160.207 59.044 14.3984 2.94603 -3.50394 0.201225 
6486976000000 20.7526 12.4651 -8.54804 43.0552 -1.66923 125.873 64.014 6.2101 70.84 28.3202 1.86761 70.8129 80.6364 5.7448 160.207 59.044 14.3984 2.94603 -3.50394 0.201225 
