#time#THJ1#THJ2#THJ3#THJ4#THJ5#FFJ0#FFJ3#FFJ4#MFJ0#MFJ3#MFJ4#RFJ0#RFJ3#RFJ4#LFJ0#LFJ3#LFJ4#LFJ5#WRJ1#WRJ2
258886000000 26.2175 29.5887 -1.45099 54.8014 -1.00417 141.517 76.6873 0.109375 119.016 88.014 -1.02673 119.499 173.009 -0.400981 146.29 82.9043 -1.90723 2.94603 -1.21332 -2.42345 
258927000000 26.2175 29.5887 -1.45099 54.8014 -1.00417 141.517 76.6873 0.109375 119.016 88.014 -1.02673 119.499 173.009 -0.400981 146.29 82.9043 -1.90723 2.94603 -1.21332 -2.42345 
258966000000 26.2175 29.5887 -1.45099 54.8014 -1.00417 141.517 76.6873 0.109375 119.016 88.014 -1.02673 119.499 173.009 -0.400981 146.29 82.9043 -1.90723 2.94603 -1.21332 -2.42345 
258966000000 26.2175 29.5887 -1.45099 54.8014 -1.00417 141.517 76.6873 0.109375 119.016 88.014 -1.02673 119.499 173.009 -0.400981 146.29 82.9043 -1.90723 2.94603 -1.21332 -2.42345 
259008000000 26.2175 29.5887 -1.45099 54.8014 -1.00417 141.517 76.6873 0.109375 119.016 88.014 -1.02673 119.499 173.009 -0.400981 146.29 82.9043 -1.90723 2.94603 -1.21332 -2.42345 
259030000000 26.2175 29.5887 -1.45099 54.8014 -1.00417 141.517 76.6873 0.109375 119.016 88.014 -1.02673 119.499 173.009 -0.400981 146.29 82.9043 -1.90723 2.94603 -1.21332 -2.42345 
259078000000 26.2175 29.5887 -1.45099 54.8014 -1.00417 141.517 76.6873 0.109375 119.016 88.014 -1.02673 119.499 173.009 -0.400981 146.29 82.9043 -1.90723 2.94603 -2.93128 -2.42345 
259113000000 26.2175 29.5887 -1.45099 54.8014 -1.00417 141.517 76.6873 0.109375 119.016 88.014 -1.02673 119.499 173.009 -0.400981 146.29 82.9043 -1.90723 2.94603 -1.21332 -2.42345 
259149000000 26.2175 29.5887 -1.45099 54.8014 -1.00417 141.517 76.6873 0.109375 119.016 88.014 -1.02673 119.499 173.009 -0.400981 146.29 82.9043 -1.90723 2.94603 -1.21332 -2.42345 
259190000000 26.2175 29.5887 -1.45099 54.8014 -1.00417 141.517 76.6873 0.109375 119.016 88.014 -1.02673 119.499 173.009 -0.400981 146.29 82.9043 -1.90723 2.94603 -0.640658 -2.42345 
259231000000 26.2175 29.5887 -1.45099 54.8014 -1.00417 141.517 76.6873 0.109375 119.016 88.014 -1.02673 119.499 173.009 -0.400981 146.29 82.9043 -1.90723 2.94603 -1.21332 -2.42345 
259270000000 26.2175 29.5887 -1.45099 54.8014 -1.00417 141.517 76.6873 0.109375 119.016 88.014 -1.02673 119.499 173.009 -0.400981 146.29 82.9043 -1.90723 2.94603 -1.21332 -2.42345 
259277000000 26.2175 29.5887 -1.45099 54.8014 -1.00417 141.517 76.6873 0.109375 119.016 88.014 -1.02673 119.499 173.009 -0.400981 146.29 82.9043 -1.90723 2.94603 -1.21332 -2.42345 
259316000000 26.2175 29.5887 -1.45099 54.8014 -1.00417 141.517 76.6873 0.109375 119.016 88.014 -1.02673 119.499 173.009 -0.400981 146.29 82.9043 -1.90723 2.94603 -1.21332 -2.42345 
259371000000 26.2175 29.5887 -1.45099 54.8014 -1.00417 141.517 76.6873 0.109375 119.016 88.014 -1.02673 119.499 173.009 -0.400981 146.29 82.9043 -1.90723 2.94603 -1.21332 -2.42345 
259422000000 26.2175 29.5887 -1.45099 54.8014 -1.00417 141.517 76.6873 0.109375 119.016 88.014 -1.02673 119.499 173.009 -0.400981 146.29 82.9043 -1.90723 2.94603 -1.21332 -2.42345 
259473000000 26.2175 29.5887 -1.45099 54.8014 -1.00417 141.517 76.6873 0.109375 119.016 88.014 -1.02673 119.499 173.009 -0.400981 146.29 82.9043 -1.90723 2.94603 -1.21332 -2.42345 
259524000000 26.2175 29.5887 -1.45099 54.8014 -1.00417 141.517 76.6873 0.109375 119.016 88.014 -1.02673 119.499 173.009 -0.400981 146.29 82.9043 -1.90723 2.94603 -1.21332 -2.42345 
259573000000 26.2175 29.5887 -1.45099 54.8014 -1.00417 141.517 76.6873 0.109375 119.016 88.014 -1.02673 119.499 173.009 -0.400981 146.29 82.9043 -1.90723 2.94603 -1.21332 -2.42345 
259623000000 26.2175 29.5887 -1.45099 54.8014 -1.00417 141.517 76.6873 0.109375 119.016 88.014 -1.02673 119.499 173.009 -0.400981 146.29 82.9043 -1.90723 2.94603 -1.21332 -2.42345 
259663000000 26.2175 29.5887 -1.45099 54.8014 -1.00417 141.517 76.6873 0.109375 119.016 88.014 -1.02673 119.499 173.009 -0.400981 146.29 82.9043 -1.90723 2.94603 -1.21332 -2.42345 
259703000000 26.2175 29.5887 -1.45099 54.8014 -1.00417 141.517 76.6873 0.109375 119.016 88.014 -1.02673 119.499 173.009 -0.400981 146.29 82.9043 -1.90723 2.94603 -1.21332 -2.59843 
259742000000 26.2175 29.5887 -1.45099 54.8014 -1.00417 141.517 76.6873 0.109375 119.016 88.014 -1.02673 119.499 173.009 -0.400981 146.29 82.9043 -1.90723 2.94603 -1.21332 -2.59843 
259784000000 26.2175 29.5887 -1.45099 54.8014 -1.00417 141.517 76.6873 0.109375 119.016 88.014 -1.02673 119.499 173.009 -0.400981 146.29 82.9043 -1.90723 2.94603 -1.21332 -2.59843 
259797000000 26.2175 29.5887 -1.45099 54.8014 -1.00417 141.517 76.6873 0.109375 119.016 88.014 -1.02673 119.499 173.009 -0.400981 146.29 82.9043 -1.90723 2.94603 -1.21332 -2.59843 
259825000000 26.2175 29.5887 -1.45099 54.8014 -1.00417 141.517 76.6873 0.109375 119.016 88.014 -1.02673 119.499 173.009 -0.400981 146.29 82.9043 -1.90723 2.94603 -1.21332 -2.59843 
259865000000 26.2175 29.5887 -1.45099 54.8014 -1.00417 141.517 76.6873 0.109375 119.016 88.014 -1.02673 119.499 173.009 -0.400981 146.29 82.9043 -1.90723 2.94603 -1.21332 -2.59843 
259905000000 26.2175 29.5887 -1.45099 54.8014 -1.00417 141.517 76.6873 0.109375 119.016 88.014 -1.02673 119.499 173.009 -0.400981 146.29 82.9043 -1.90723 2.94603 -1.21332 -2.59843 
259945000000 26.2175 29.5887 -1.45099 54.8014 -1.00417 141.517 76.6873 0.109375 119.016 88.014 -1.02673 119.499 173.009 -0.400981 146.29 82.9043 -1.90723 2.94603 -1.21332 -2.59843 
259987000000 26.2175 29.5887 -1.45099 54.8014 -1.00417 141.517 76.6873 0.109375 119.016 88.014 -1.02673 119.499 173.009 -0.400981 146.29 82.9043 -1.90723 2.94603 -1.21332 -2.59843 
260027000000 26.2175 29.5887 -1.45099 54.8014 -1.00417 141.517 76.6873 0.109375 119.016 88.014 -1.02673 119.499 173.009 -0.400981 146.29 82.9043 -1.90723 2.94603 -1.21332 -2.59843 
260067000000 26.2175 29.5887 -1.45099 54.8014 -1.00417 141.517 76.6873 0.109375 119.016 88.014 -1.02673 119.499 173.009 -0.400981 146.29 82.9043 -1.90723 2.94603 -1.21332 -2.59843 
260107000000 26.2175 29.5887 -1.45099 54.8014 -1.00417 141.517 76.6873 0.109375 119.016 88.014 -1.02673 119.499 173.009 -0.400981 146.29 82.9043 -1.90723 2.94603 -1.21332 -2.59843 
260114000000 26.2175 29.5887 -1.45099 54.8014 -0.782482 141.517 76.6873 0.109375 119.016 88.014 -1.02673 119.499 173.009 -0.400981 146.29 82.9043 -1.90723 2.94603 -1.21332 -2.59843 
260147000000 26.2175 29.5887 -1.45099 54.8014 -0.782482 141.517 76.6873 0.109375 119.016 88.014 -1.02673 119.499 173.009 -0.400981 146.29 82.9043 -1.90723 2.94603 -1.21332 -2.59843 
260154000000 26.2175 29.5887 -1.45099 54.8014 -0.782482 141.517 76.6873 0.109375 119.016 88.014 -1.02673 119.499 173.009 -0.400981 146.29 82.9043 -1.90723 2.94603 -1.21332 -2.59843 
260184000000 26.2175 29.5887 -1.45099 54.8014 -0.782482 141.517 76.6873 0.109375 119.016 88.014 -1.02673 119.499 173.009 -0.400981 146.29 82.9043 -1.90723 2.94603 -1.21332 -2.59843 
260229000000 25.7971 29.5887 -1.45099 54.8014 -0.782482 140.214 76.6873 0.109375 119.016 88.014 -1.02673 119.499 171.198 -0.400981 146.29 82.9043 -1.90723 2.94603 -1.21332 -2.59843 
260268000000 25.7971 29.5887 -1.45099 54.8014 -0.782482 140.214 76.6873 0.109375 119.016 88.014 -1.02673 119.499 171.198 -0.400981 146.29 82.9043 -1.90723 2.94603 -1.21332 -2.59843 
260310000000 25.7971 29.5887 -1.45099 54.8014 -0.782482 140.214 76.6873 0.109375 119.016 88.014 -1.02673 119.499 171.198 -0.400981 146.29 82.9043 -1.90723 2.94603 -1.21332 -2.59843 
260349000000 25.7971 29.5887 -1.45099 54.8014 -0.782482 140.214 76.6873 0.109375 119.016 88.014 -1.02673 119.499 171.198 -0.400981 146.29 82.9043 -1.90723 2.94603 -1.21332 -2.59843 
260390000000 25.7971 29.5887 -1.45099 54.8014 -0.560796 140.214 76.6873 0.109375 119.016 88.014 -1.02673 119.499 171.198 -0.400981 146.29 82.9043 -1.90723 2.94603 -1.21332 -2.59843 
260431000000 25.7971 29.5887 -1.45099 54.8014 -0.560796 140.214 76.6873 0.109375 119.016 88.014 -1.02673 119.499 171.198 -0.400981 146.29 82.9043 -1.90723 2.94603 -1.21332 -2.59843 
260469000000 25.7971 29.5887 -1.45099 54.8014 -0.560796 140.214 76.6873 0.109375 119.016 88.014 -1.02673 119.499 171.198 -0.400981 146.29 82.9043 -1.90723 2.94603 -1.21332 -2.59843 
260478000000 25.7971 29.5887 -1.45099 54.8014 -0.560796 140.214 74.9976 0.109375 119.016 88.014 -1.02673 119.499 171.198 -0.400981 146.29 82.9043 -1.90723 2.94603 -1.21332 -2.94838 
260509000000 24.536 28.5814 -1.74453 54.8014 -0.117424 140.214 74.1527 0.109375 116.666 85.6731 -1.1425 116.717 165.764 -0.643066 142.115 81.2 -2.54912 2.94603 -1.21332 -3.12336 
260518000000 23.6952 28.0778 -1.89131 54.8014 -0.117424 137.606 70.7731 0.109375 115.491 83.3322 -1.20039 115.326 162.141 -0.790862 139.332 79.4957 -2.94388 2.94603 -1.21332 -3.47332 
260563000000 22.8545 27.0705 -2.18485 54.8014 -0.117424 136.303 68.2385 0.109375 113.141 80.9912 -1.25828 112.544 156.708 -0.925282 135.157 77.7914 -3.30173 2.94603 -1.21332 -3.82327 
260601000000 22.0137 26.5669 -2.33162 54.8014 -0.117424 134.999 66.5487 -0.116577 113.141 79.8208 -1.31616 111.153 153.085 -1.04632 132.373 77.7914 -3.62267 2.94603 -1.78597 -3.99825 
260642000000 21.173 25.5596 -2.62517 54.8014 -0.117424 133.695 65.7038 -0.116577 111.966 77.4798 -1.37405 109.762 151.274 -1.18074 130.982 76.9392 -3.98052 2.94603 -1.78597 -4.17323 
260681000000 19.9119 24.0487 -2.71436 56.7591 0.325947 121.962 55.5651 -1.24634 102.566 66.9456 -1.72137 100.025 134.973 -1.97388 118.456 71.8263 -6.09072 2.94603 -1.78597 -5.2231 
260719000000 19.0711 21.0269 -3.36091 58.0642 0.769319 97.1907 51.3407 -2.82801 82.5903 62.2637 -1.89503 84.7233 127.728 -2.39052 103.148 69.2699 -7.20118 2.94603 -0.0680022 -6.44794 
260759000000 17.81 19.0123 -3.71392 59.3694 0.769319 72.4199 47.1163 -4.18373 64.9649 58.7523 -1.95292 73.595 118.672 -2.56507 93.4061 66.7134 -7.66974 2.94603 0.504653 -7.32283 
260799000000 16.5489 16.9978 -4.18396 60.0219 1.21269 39.8267 44.5816 -5.7654 48.5146 51.7296 -2.01081 62.4666 93.3149 -2.8065 76.7059 60.7483 -8.32282 2.94603 2.22262 -9.24759 
260842000000 15.7081 15.4869 -4.50724 60.6745 1.65606 28.0932 42.047 -7.12112 41.4644 45.8772 -1.95292 59.6846 73.3915 -2.76572 68.3558 55.6354 -8.2233 2.94603 2.79527 -10.6474 
260881000000 14.8674 13.4723 -4.97729 61.3271 1.65606 20.2708 36.9776 -8.70279 33.2393 36.5135 -2.06869 54.1204 64.3354 -3.10144 58.6141 49.6704 -9.12352 2.94603 3.36793 -11.8723 
260921000000 14.447 12.4651 -5.15379 61.9796 1.21269 17.6633 32.7532 -9.6066 29.7142 30.6611 -2.12658 48.5562 57.0905 -3.28936 48.8723 44.5575 -9.62899 2.94603 3.94059 -12.5722 
260961000000 13.6062 11.9614 -5.18352 62.6322 0.769319 15.0559 29.3737 -10.2845 25.0141 25.9793 -2.18447 44.3831 51.6568 -3.45054 41.9139 41.1489 -10.0606 2.94603 4.51324 -12.7472 
261002000000 13.1859 10.9542 -5.36002 63.2848 0.547633 12.4484 24.3043 -11.1883 21.489 20.1269 -2.18447 41.601 46.2231 -3.50404 32.1721 37.7403 -10.2083 2.94603 5.0859 -13.0971 
261044000000 13.1859 10.4505 -5.5068 63.2848 0.104261 11.1447 19.235 -12.0921 19.139 14.2746 -2.30024 36.0368 37.167 -3.81301 21.0386 35.1838 -11.0347 2.94603 5.65855 -13.0971 
261058000000 12.7655 9.44325 -5.80034 63.2848 -0.33911 9.84097 15.8555 -12.7699 15.6139 9.59275 -2.4739 33.2547 31.7333 -4.21627 12.6885 34.3317 -12.1082 2.94603 6.80387 -12.9221 
261087000000 12.7655 8.93962 -5.94711 63.2848 -0.33911 7.23352 11.631 -13.2218 13.2639 6.08135 -2.58967 30.4727 26.2997 -4.48511 4.33841 32.6274 -12.8239 2.94603 7.37652 -12.7472 
261097000000 12.3451 7.93235 -6.24066 63.2848 -0.782482 3.32234 7.40658 -13.6737 10.9138 0 -2.82122 22.1264 17.2435 -5.03616 0 29.2188 -14.2922 2.94603 7.94918 -12.5722 
261147000000 12.3451 7.93235 -6.24066 63.2848 -1.00417 2.01862 4.87192 -13.8997 8.56379 0 -3.05277 19.3443 13.6211 -5.53371 0 28.3666 -15.6129 2.94603 7.94918 -12.3972 
261180000000 12.3451 7.42871 -6.38743 63.2848 -1.22586 0 2.33726 -14.1257 7.38876 0 -3.22643 17.9533 8.18743 -5.92359 0 26.6623 -16.6496 2.94603 8.52183 -12.2222 
261220000000 12.3451 6.92508 -6.76829 61.9796 -1.66923 0 0.647489 -14.3516 6.21374 0 -3.40009 15.1712 2.75377 -6.31348 0 24.1059 -17.6862 2.94603 8.52183 -11.8723 
261260000000 12.3451 7.42871 -6.62152 61.9796 -1.89091 0 0 -14.3516 5.03871 0 -3.45798 13.7801 0 -6.4479 0 22.4016 -18.0441 2.94603 9.66714 -11.6973 
261302000000 12.3451 7.42871 -6.73856 61.3271 -2.1126 0 0 -14.1257 5.03871 0 -3.51586 12.3891 0 -6.58231 0 20.6973 -18.4019 2.94603 10.2398 -11.6973 
261315000000 12.3451 6.92508 -7.00238 60.6745 -2.33428 0 0 -14.1257 3.86369 0 -3.57375 10.9981 0 -6.70336 0 18.1408 -18.7229 2.94603 10.8125 -11.6973 
261341000000 12.3451 6.92508 -7.00238 60.6745 -2.33428 0 0 -14.1257 3.86369 0 -3.63164 9.60702 0 -6.8244 0 17.2887 -19.0438 2.94603 10.8125 -11.6973 
261358000000 12.3451 6.92508 -7.00238 60.6745 -2.33428 0 0 -14.1257 3.86369 0 -3.68952 9.60702 0 -6.94544 0 17.2887 -19.3648 2.94603 10.8125 -11.6973 
261409000000 12.3451 6.92508 -7.00238 60.6745 -2.33428 0 0 -14.1257 3.86369 0 -3.74741 9.60702 0 -7.06649 0 17.2887 -19.6857 2.94603 10.8125 -11.6973 
261441000000 12.3451 6.92508 -7.00238 60.6745 -2.33428 0 0 -14.1257 3.86369 0 -3.68952 9.60702 0 -6.94544 0 17.2887 -19.3648 2.94603 10.8125 -11.6973 
261484000000 12.3451 6.92508 -7.00238 60.6745 -2.33428 0 0 -14.1257 3.86369 0 -3.68952 9.60702 0 -6.93207 0 17.2887 -19.3279 2.94603 10.8125 -11.6973 
261523000000 12.3451 6.42144 -7.14915 60.6745 -2.33428 0 0 -13.8997 3.86369 0 -3.68952 9.60702 0 -6.93207 0 17.2887 -19.3279 2.94603 10.8125 -11.6973 
261562000000 12.3451 6.42144 -7.14915 60.6745 -2.33428 0 0 -13.8997 3.86369 0 -3.68952 9.60702 0 -6.93207 0 18.1408 -19.3279 2.94603 9.66714 -11.6973 
261602000000 12.3451 6.42144 -7.03211 61.3271 -2.33428 0 0 -13.8997 3.86369 0 -3.68952 9.60702 0 -6.93207 0 18.1408 -19.3279 2.94603 10.8125 -11.6973 
261649000000 12.3451 6.42144 -7.03211 61.3271 -2.33428 0 0 -13.8997 3.86369 0 -3.68952 9.60702 0 -6.93207 0 18.1408 -19.3279 2.94603 10.2398 -11.6973 
261677000000 12.3451 6.42144 -7.03211 61.3271 -2.33428 0 0 -13.6737 3.86369 0 -3.68952 9.60702 0 -6.93207 0 19.8451 -19.3279 2.94603 10.8125 -11.6973 
261730000000 12.3451 6.42144 -7.03211 61.3271 -2.33428 0 0 -13.6737 3.86369 0 -3.68952 9.60702 0 -6.93207 0 19.8451 -19.3279 2.94603 9.09449 -11.6973 
261763000000 12.7655 6.42144 -7.03211 61.3271 -2.33428 0 0 -13.6737 3.86369 0 -3.68952 9.60702 0 -6.91869 0 19.8451 -19.2909 2.94603 10.8125 -11.6973 
261804000000 12.7655 6.42144 -7.03211 61.3271 -2.33428 0 0 -13.6737 3.86369 0 -3.68952 9.60702 0 -6.91869 0 19.8451 -19.2909 2.94603 9.09449 -11.6973 
261843000000 12.7655 6.42144 -7.03211 61.3271 -2.33428 0 0 -13.6737 3.86369 0 -3.68952 9.60702 0 -6.91869 0 19.8451 -19.2909 2.94603 10.2398 -11.6973 
261884000000 12.7655 6.42144 -7.03211 61.3271 -2.33428 0 0 -13.6737 3.86369 0 -3.68952 9.60702 0 -6.91869 0 19.8451 -19.2909 2.94603 10.2398 -11.6973 
261924000000 12.7655 6.42144 -7.03211 61.3271 -2.33428 0 0 -13.6737 3.86369 0 -3.68952 9.60702 0 -6.91869 0 19.8451 -19.2909 2.94603 10.2398 -11.6973 
261974000000 12.7655 6.42144 -7.03211 61.3271 -2.33428 0 0 -13.6737 3.86369 0 -3.68952 9.60702 0 -6.91869 0 19.8451 -19.2909 2.94603 10.2398 -11.6973 
261991000000 12.7655 6.42144 -7.03211 61.3271 -2.33428 0 0 -13.6737 3.86369 0 -3.68952 9.60702 0 -6.91869 0 19.8451 -19.2909 2.94603 10.2398 -11.6973 
262008000000 12.7655 6.42144 -7.03211 61.3271 -2.33428 0 0 -13.6737 3.86369 0 -3.68952 9.60702 0 -6.91869 0 19.8451 -19.2909 2.94603 10.2398 -12.0472 
262025000000 12.7655 6.42144 -7.03211 61.3271 -2.33428 0 0 -13.6737 3.86369 0 -3.68952 9.60702 0 -6.91869 0 19.8451 -19.2909 2.94603 10.2398 -12.0472 
262053000000 12.7655 6.42144 -7.03211 61.3271 -2.33428 0 0 -13.6737 3.86369 0 -3.68952 9.60702 0 -6.91869 0 19.8451 -19.2909 2.94603 10.2398 -12.0472 
262095000000 12.7655 6.42144 -7.03211 61.3271 -2.33428 0 0 -13.6737 3.86369 0 -3.68952 9.60702 0 -6.91869 0 19.8451 -19.2909 2.94603 10.2398 -12.0472 
262135000000 12.7655 6.42144 -7.03211 61.3271 -2.33428 0 0 -13.4478 3.86369 0 -3.63164 9.60702 0 -6.79765 0 19.8451 -18.97 2.94603 10.2398 -12.0472 
262176000000 12.7655 6.42144 -7.03211 61.3271 -2.1126 0 0 -13.4478 3.86369 0 -3.63164 9.60702 0 -6.79765 0 19.8451 -18.97 2.94603 9.09449 -12.0472 
262194000000 12.7655 6.42144 -7.03211 61.3271 -2.1126 0 0 -13.4478 3.86369 0 -3.63164 9.60702 0 -6.77089 0 19.8451 -18.8962 2.94603 10.2398 -12.0472 
262212000000 12.7655 6.42144 -7.03211 61.3271 -2.1126 0 0 -13.4478 3.86369 0 -3.63164 9.60702 0 -6.77089 0 20.6973 -18.8962 2.94603 10.2398 -12.0472 
262246000000 12.7655 6.42144 -7.03211 61.3271 -2.1126 0 0 -13.4478 3.86369 0 -3.63164 10.9981 0 -6.77089 0 20.6973 -18.8962 2.94603 9.09449 -12.0472 
262288000000 12.7655 6.42144 -7.03211 61.3271 -2.1126 0 0 -13.4478 3.86369 0 -3.63164 10.9981 0 -6.77089 0 20.6973 -18.8962 2.94603 10.2398 -12.0472 
262327000000 12.7655 6.42144 -7.03211 61.3271 -2.1126 0 0 -13.4478 3.86369 0 -3.63164 10.9981 0 -6.77089 0 20.6973 -18.8962 2.94603 9.09449 -12.0472 
262366000000 12.7655 6.42144 -7.03211 61.3271 -2.1126 0 0 -13.4478 3.86369 0 -3.63164 10.9981 0 -6.77089 0 20.6973 -18.8962 2.94603 10.2398 -12.0472 
262406000000 12.7655 5.91781 -7.17888 61.3271 -2.1126 0 0 -13.4478 3.86369 0 -3.63164 10.9981 0 -6.77089 0 20.6973 -18.8962 2.94603 10.2398 -12.2222 
262455000000 12.7655 5.91781 -7.17888 61.3271 -2.1126 0 0 -13.4478 3.86369 0 -3.63164 10.9981 0 -6.77089 0 20.6973 -18.8962 2.94603 9.09449 -12.2222 
262497000000 12.7655 5.91781 -7.17888 61.3271 -2.1126 0 0 -13.4478 3.86369 0 -3.63164 10.9981 0 -6.77089 0 20.6973 -18.8962 2.94603 10.8125 -12.2222 
262543000000 12.7655 5.91781 -7.17888 61.3271 -2.1126 0 0 -13.4478 3.86369 0 -3.57375 10.9981 0 -6.64985 0 20.6973 -18.5752 2.94603 10.2398 -12.2222 
262576000000 12.7655 5.91781 -7.17888 61.3271 -2.1126 0 0 -13.4478 3.86369 0 -3.57375 10.9981 0 -6.64985 0 21.5494 -18.5752 2.94603 9.09449 -12.3972 
262622000000 12.7655 5.91781 -7.17888 61.3271 -2.1126 0 0 -13.2218 3.86369 0 -3.57375 10.9981 0 -6.64985 0 21.5494 -18.5752 2.94603 10.2398 -12.3972 
262660000000 12.7655 5.91781 -7.17888 61.3271 -2.1126 0 0 -13.2218 3.86369 0 -3.57375 10.9981 0 -6.63648 0 21.5494 -18.5383 2.94603 9.09449 -12.3972 
262694000000 12.7655 5.91781 -7.17888 61.3271 -2.1126 0 0 -13.2218 3.86369 0 -3.57375 10.9981 0 -6.63648 0 21.5494 -18.5383 2.94603 10.2398 -12.3972 
262736000000 12.7655 5.91781 -7.17888 61.3271 -2.1126 0 0 -13.2218 3.86369 0 -3.57375 10.9981 0 -6.63648 0 21.5494 -18.5383 2.94603 10.2398 -12.3972 
262777000000 12.7655 5.91781 -7.17888 61.3271 -1.89091 0 0 -13.2218 5.03871 0 -3.51586 10.9981 0 -6.51543 0 21.5494 -18.2174 2.94603 9.09449 -12.3972 
262815000000 12.7655 5.91781 -7.17888 61.3271 -1.89091 0 0 -13.2218 5.03871 0 -3.51586 10.9981 0 -6.51543 0 21.5494 -18.2174 2.94603 10.2398 -12.5722 
262858000000 12.7655 5.91781 -7.17888 61.3271 -1.89091 0 0 -13.2218 5.03871 0 -3.51586 10.9981 0 -6.51543 0 21.5494 -18.2174 2.94603 10.8125 -12.5722 
262898000000 12.7655 5.91781 -7.17888 61.3271 -1.89091 0 0 -13.2218 5.03871 0 -3.51586 10.9981 0 -6.51543 0 21.5494 -18.2174 2.94603 10.8125 -12.5722 
262939000000 12.7655 5.91781 -7.17888 61.3271 -1.89091 0 0 -13.2218 5.03871 0 -3.51586 10.9981 0 -6.51543 0 21.5494 -18.2174 2.94603 10.2398 -12.5722 
262960000000 12.7655 5.91781 -7.17888 61.3271 -1.89091 0 0 -13.2218 5.03871 0 -3.51586 10.9981 0 -6.51543 0 21.5494 -18.2174 2.94603 10.2398 -12.5722 
262982000000 12.7655 5.91781 -7.17888 61.3271 -1.89091 0 0 -13.2218 5.03871 0 -3.40009 10.9981 0 -6.27335 0 21.5494 -17.5755 2.94603 10.2398 -12.9221 
263019000000 12.7655 5.91781 -7.17888 61.3271 -1.89091 0 0 -12.9959 5.03871 0 -3.40009 12.3891 0 -6.27335 0 21.5494 -17.5755 2.94603 9.09449 -12.9221 
263053000000 12.7655 5.91781 -7.17888 61.3271 -1.89091 0 0 -12.9959 5.03871 0 -3.40009 12.3891 0 -6.27335 0 21.5494 -17.5755 2.94603 10.8125 -12.9221 
263090000000 12.7655 5.91781 -7.17888 61.3271 -1.89091 0 0 -12.9959 5.03871 0 -3.40009 12.3891 0 -6.25997 0 21.5494 -17.5386 2.94603 10.8125 -12.9221 
263130000000 12.7655 5.41417 -7.32565 61.3271 -1.89091 0 0 -12.9959 5.03871 0 -3.40009 12.3891 0 -6.25997 0 21.5494 -17.5386 2.94603 10.2398 -12.9221 
263171000000 12.7655 5.41417 -7.32565 61.3271 -1.89091 0 0 -12.9959 6.21374 0 -3.40009 12.3891 0 -6.25997 0 21.5494 -17.5386 2.94603 9.09449 -12.9221 
263214000000 12.7655 5.41417 -7.32565 61.3271 -1.89091 0 0 -12.7699 6.21374 0 -3.3422 12.3891 0 -6.13893 0 21.5494 -17.2177 2.94603 10.2398 -12.9221 
263249000000 12.7655 5.41417 -7.32565 61.3271 -1.89091 0.714889 0 -12.7699 6.21374 0 -3.3422 12.3891 0 -6.13893 0 22.4016 -17.2177 2.94603 8.52183 -12.9221 
263289000000 12.7655 5.41417 -7.32565 61.3271 -1.89091 0.714889 0 -12.7699 6.21374 0 -3.3422 12.3891 0 -6.13893 0 22.4016 -17.2177 2.94603 10.2398 -12.9221 
263331000000 12.7655 5.41417 -7.32565 61.3271 -1.89091 0.714889 0 -12.7699 6.21374 0 -3.3422 12.3891 0 -6.13893 0 22.4016 -17.2177 2.94603 10.2398 -12.9221 
263372000000 12.7655 5.41417 -7.32565 61.3271 -1.66923 0.714889 0 -12.7699 6.21374 0 -3.28432 12.3891 0.942544 -6.00451 0 22.4016 -16.8598 2.94603 9.09449 -12.9221 
263409000000 12.7655 5.41417 -7.32565 61.3271 -1.66923 0.714889 0 -12.7699 6.21374 0 -3.28432 12.3891 0.942544 -6.00451 0 22.4016 -16.8598 2.94603 10.2398 -13.0971 
263448000000 12.7655 5.41417 -7.32565 61.3271 -1.66923 0.714889 0 -12.544 6.21374 0 -3.28432 12.3891 0.942544 -6.00451 0 22.4016 -16.8598 2.94603 10.8125 -13.0971 
263490000000 12.7655 5.41417 -7.32565 61.3271 -1.66923 0.714889 0 -12.544 6.21374 0 -3.28432 12.3891 0.942544 -6.00451 0 22.4016 -16.8598 2.94603 10.2398 -13.0971 
263530000000 12.7655 5.41417 -7.32565 61.3271 -1.66923 0.714889 0 -12.544 6.21374 0 -3.28432 12.3891 0.942544 -6.00451 0 22.4016 -16.8598 2.94603 10.2398 -13.0971 
263577000000 12.7655 5.41417 -7.32565 61.3271 -1.66923 0.714889 0 -12.544 6.21374 0 -3.28432 12.3891 0.942544 -6.00451 0 22.4016 -16.8598 2.94603 9.09449 -13.0971 
263606000000 12.7655 5.41417 -7.32565 61.3271 -1.66923 0.714889 0 -12.544 6.21374 0 -3.28432 12.3891 0.942544 -6.00451 0 22.4016 -16.8598 2.94603 10.2398 -13.0971 
263652000000 12.7655 5.41417 -7.32565 61.3271 -1.66923 2.01862 0 -12.544 6.21374 0 -3.28432 13.7801 0.942544 -6.00451 0 22.4016 -16.8598 2.94603 10.2398 -13.0971 
263691000000 12.7655 5.41417 -7.32565 61.3271 -1.66923 2.01862 0 -12.544 6.21374 0 -3.28432 13.7801 0.942544 -6.00451 0 22.4016 -16.8598 2.94603 10.8125 -13.0971 
263732000000 12.7655 5.41417 -7.32565 61.3271 -1.66923 2.01862 0 -12.544 6.21374 0 -3.28432 13.7801 0.942544 -6.00451 0 22.4016 -16.8598 2.94603 10.2398 -13.0971 
263773000000 12.7655 5.41417 -7.32565 61.3271 -1.66923 2.01862 0 -12.544 6.21374 0 -3.28432 13.7801 0.942544 -6.00451 0 22.4016 -16.8598 2.94603 10.2398 -13.0971 
263800000000 12.7655 5.41417 -7.32565 61.3271 -1.66923 2.01862 0 -12.544 6.21374 0 -3.28432 13.7801 0.942544 -6.00451 0 22.4016 -16.8598 2.94603 10.8125 -13.4471 
263825000000 12.7655 5.41417 -7.32565 61.3271 -1.66923 2.01862 0 -12.544 6.21374 0 -3.28432 13.7801 0.942544 -6.00451 0 22.4016 -16.8598 2.94603 10.8125 -13.4471 
263854000000 12.7655 5.41417 -7.32565 61.3271 -1.44754 2.01862 0 -12.544 6.21374 0 -3.28432 13.7801 0.942544 -6.00451 0 22.4016 -16.8598 2.94603 10.8125 -13.4471 
