#time#THJ1#THJ2#THJ3#THJ4#THJ5#FFJ0#FFJ3#FFJ4#MFJ0#MFJ3#MFJ4#RFJ0#RFJ3#RFJ4#LFJ0#LFJ3#LFJ4#LFJ5#WRJ1#WRJ2
1182147000000 10.6636 5.91781 -10.8072 41.0975 -6.54632 11.1447 0 -9.15469 14.4389 0 -1.31616 6.82494 0 -1.461 0.163366 7.91501 -4.76669 2.94603 10.2398 -8.72266 
1182187000000 10.6636 5.91781 -10.8072 41.0975 -6.54632 11.1447 0 -9.15469 14.4389 0 -1.31616 6.82494 0 -1.461 0.163366 7.91501 -4.76669 2.94603 10.2398 -8.72266 
1182227000000 10.6636 5.91781 -10.8072 41.0975 -6.54632 11.1447 0 -8.92874 14.4389 0 -1.31616 6.82494 0 -1.461 0.163366 7.91501 -4.76669 2.94603 10.2398 -8.72266 
1182230000000 10.6636 5.91781 -10.8072 41.0975 -6.54632 11.1447 0 -8.92874 14.4389 0 -1.31616 6.82494 0 -1.461 0.163366 7.91501 -4.76669 2.94603 10.2398 -8.72266 
1182268000000 10.6636 5.91781 -10.8072 41.0975 -6.54632 11.1447 0 -8.92874 14.4389 0 -1.31616 6.82494 0 -1.461 0.163366 7.91501 -4.76669 2.94603 10.2398 -8.72266 
1182281000000 10.6636 5.91781 -10.8072 41.0975 -6.54632 11.1447 0 -8.92874 14.4389 0 -1.31616 6.82494 0 -1.461 0.163366 7.91501 -4.76669 2.94603 10.2398 -8.72266 
1182319000000 10.6636 5.91781 -10.8072 41.0975 -6.54632 11.1447 0 -8.92874 14.4389 0 -1.31616 6.82494 0 -1.461 0.163366 7.91501 -4.76669 2.94603 10.2398 -8.89764 
1182356000000 10.6636 5.91781 -10.8072 41.0975 -6.54632 11.1447 0 -8.92874 14.4389 0 -1.31616 6.82494 0 -1.461 0.163366 7.91501 -4.76669 2.94603 10.2398 -8.89764 
1182399000000 10.6636 5.91781 -10.8072 41.0975 -6.54632 11.1447 0 -8.92874 14.4389 0 -1.31616 6.82494 0 -1.461 0.163366 7.91501 -4.76669 2.94603 10.2398 -8.89764 
1182439000000 10.6636 5.91781 -10.8072 41.0975 -6.54632 11.1447 0 -8.92874 14.4389 0 -1.31616 6.82494 0 -1.461 0.163366 7.91501 -4.76669 2.94603 10.2398 -8.89764 
1182477000000 10.6636 5.91781 -10.8072 41.0975 -6.54632 11.1447 0 -8.92874 14.4389 0 -1.31616 6.82494 0 -1.461 0.163366 7.91501 -4.76669 2.94603 10.2398 -8.89764 
1182520000000 10.6636 5.91781 -10.8072 41.0975 -6.54632 11.1447 0 -8.92874 14.4389 0 -1.31616 6.82494 0 -1.461 0.163366 7.91501 -4.76669 2.94603 10.2398 -8.89764 
1182560000000 10.6636 5.91781 -10.8072 41.0975 -6.54632 11.1447 0 -8.92874 14.4389 0 -1.31616 6.82494 0 -1.461 0.163366 7.91501 -4.76669 2.94603 10.2398 -8.89764 
1182567000000 10.6636 5.91781 -10.8072 41.0975 -6.54632 12.4484 0 -8.92874 14.4389 0 -1.31616 6.82494 0 -1.461 0.163366 7.91501 -4.76669 2.94603 10.2398 -8.54768 
1182594000000 10.6636 5.91781 -10.8072 41.0975 -6.54632 12.4484 0 -8.92874 14.4389 0 -1.31616 6.82494 0 -1.461 0.163366 7.91501 -4.76669 2.94603 10.2398 -8.54768 
1182622000000 10.6636 5.91781 -10.8072 41.0975 -6.54632 12.4484 0 -8.92874 14.4389 0 -1.31616 6.82494 0 -1.461 0.163366 7.91501 -4.76669 2.94603 10.2398 -8.54768 
1182655000000 10.6636 5.91781 -10.8072 41.0975 -6.54632 12.4484 0 -8.92874 14.4389 0 -1.31616 6.82494 0 -1.461 0.163366 7.91501 -4.76669 2.94603 10.2398 -8.54768 
1182690000000 10.6636 5.91781 -10.8072 41.0975 -6.54632 12.4484 0 -8.92874 14.4389 0 -1.31616 6.82494 0 -1.461 0.163366 7.91501 -4.76669 2.94603 9.66714 -8.54768 
1182733000000 10.6636 5.91781 -10.8072 41.0975 -6.54632 12.4484 0 -8.92874 14.4389 0 -1.31616 6.82494 0 -1.461 0.163366 7.91501 -4.76669 2.94603 9.66714 -8.54768 
1182773000000 10.6636 5.91781 -10.8072 41.0975 -6.54632 12.4484 0 -8.92874 14.4389 0 -1.31616 6.82494 0 -1.461 0.163366 7.91501 -4.76669 2.94603 7.94918 -8.54768 
1182813000000 10.6636 5.91781 -10.8072 41.0975 -6.54632 12.4484 0 -8.92874 14.4389 0 -1.25828 6.82494 0 -1.33995 0.163366 7.91501 -4.44575 2.94603 9.66714 -8.19773 
1182853000000 10.6636 5.91781 -10.8072 41.0975 -6.54632 12.4484 0 -8.92874 14.4389 0 -1.25828 6.82494 0 -1.33995 0.163366 7.91501 -4.44575 2.94603 9.66714 -8.19773 
1182892000000 10.6636 5.91781 -10.8072 41.0975 -6.54632 12.4484 0 -8.92874 14.4389 0 -1.25828 6.82494 0 -1.33995 0.163366 7.91501 -4.44575 2.94603 9.66714 -8.19773 
1182900000000 10.6636 5.91781 -10.8072 41.0975 -6.768 12.4484 0 -8.92874 14.4389 0 -1.25828 6.82494 0 -1.33995 0.163366 7.91501 -4.44575 2.94603 9.66714 -8.19773 
1182937000000 10.6636 5.91781 -10.8072 41.0975 -6.768 12.4484 0 -8.92874 14.4389 0 -1.25828 6.82494 0 -1.33995 0.163366 7.91501 -4.44575 2.94603 9.66714 -8.19773 
1182972000000 10.6636 5.91781 -10.8072 41.0975 -6.768 12.4484 0 -8.92874 14.4389 0 -1.25828 6.82494 0 -1.33995 0.163366 7.91501 -4.44575 2.94603 9.66714 -8.19773 
1183012000000 10.6636 5.91781 -10.8072 41.0975 -6.768 12.4484 0 -8.92874 14.4389 0 -1.25828 6.82494 0 -1.32658 0.163366 7.91501 -4.40884 2.94603 9.66714 -8.19773 
1183055000000 10.6636 5.91781 -10.8072 41.0975 -6.768 12.4484 0 -8.92874 14.4389 0 -1.25828 6.82494 0 -1.32658 0.163366 7.91501 -4.40884 2.94603 9.66714 -8.19773 
1183094000000 10.6636 5.91781 -10.8072 41.0975 -6.768 12.4484 0 -8.92874 14.4389 0 -1.25828 6.82494 0 -1.32658 0.163366 7.91501 -4.40884 2.94603 9.66714 -8.3727 
1183136000000 10.6636 5.91781 -10.8072 41.0975 -6.768 12.4484 0 -8.92874 14.4389 0 -1.25828 6.82494 0 -1.32658 0.163366 7.91501 -4.40884 2.94603 9.66714 -8.3727 
1183172000000 10.6636 5.91781 -10.8072 41.0975 -6.768 12.4484 0 -8.92874 14.4389 0 -1.25828 6.82494 0 -1.32658 0.163366 7.91501 -4.40884 2.94603 9.66714 -8.3727 
1183212000000 10.6636 5.91781 -10.8072 41.0975 -6.768 12.4484 0 -8.92874 14.4389 0 -1.25828 6.82494 0 -1.32658 0.163366 7.91501 -4.40884 2.94603 9.66714 -8.3727 
1183257000000 10.6636 5.91781 -10.8072 41.0975 -6.768 12.4484 0 -8.92874 14.4389 0 -1.25828 6.82494 0 -1.32658 0.163366 7.91501 -4.40884 2.94603 9.66714 -8.3727 
1183264000000 10.6636 5.91781 -10.8072 41.0975 -6.768 12.4484 0 -8.92874 14.4389 0 -1.25828 6.82494 0 -1.32658 0.163366 7.91501 -4.40884 2.94603 9.66714 -8.3727 
1183296000000 10.6636 5.91781 -10.8072 41.0975 -6.768 12.4484 0 -8.92874 14.4389 0 -1.25828 6.82494 0 -1.32658 0.163366 7.91501 -4.40884 2.94603 9.66714 -8.3727 
1183303000000 10.6636 5.91781 -10.8072 41.0975 -6.768 12.4484 0 -8.92874 14.4389 0 -1.25828 6.82494 0 -1.32658 0.163366 7.91501 -4.40884 2.94603 9.66714 -8.3727 
1183337000000 10.6636 5.91781 -10.8072 41.0975 -6.768 12.4484 0 -8.92874 14.4389 0 -1.25828 6.82494 0 -1.32658 0.163366 7.91501 -4.40884 2.94603 9.66714 -8.3727 
1183365000000 10.6636 5.91781 -10.8072 41.0975 -6.768 12.4484 0 -8.92874 14.4389 0 -1.25828 6.82494 0 -1.32658 0.163366 7.91501 -4.40884 2.94603 8.52183 -8.3727 
1183418000000 10.6636 5.91781 -10.8072 41.0975 -6.768 12.4484 0 -8.92874 14.4389 0 -1.25828 6.82494 0 -1.32658 0.163366 7.91501 -4.40884 2.94603 9.66714 -8.3727 
1183457000000 10.6636 5.91781 -10.8072 41.0975 -6.768 12.4484 0 -8.92874 14.4389 0 -1.25828 6.82494 0 -1.32658 0.163366 7.91501 -4.40884 2.94603 9.66714 -8.3727 
1183498000000 10.6636 5.91781 -10.8072 41.0975 -6.768 12.4484 0 -8.92874 14.4389 0 -1.25828 6.82494 0 -1.32658 0.163366 7.91501 -4.40884 2.94603 9.66714 -8.3727 
1183541000000 10.6636 5.91781 -10.8072 41.0975 -6.768 12.4484 0 -8.92874 14.4389 0 -1.25828 6.82494 0 -1.32658 0.163366 7.91501 -4.40884 2.94603 9.66714 -8.3727 
1183579000000 10.6636 5.91781 -10.8072 41.0975 -6.768 12.4484 0 -8.92874 14.4389 0 -1.25828 6.82494 0 -1.32658 0.163366 7.91501 -4.40884 2.94603 9.66714 -8.3727 
1183618000000 10.6636 5.91781 -10.8072 41.0975 -6.768 12.4484 0 -8.92874 14.4389 0 -1.25828 6.82494 0 -1.32658 0.163366 7.91501 -4.40884 2.94603 9.66714 -8.3727 
1183658000000 10.6636 5.91781 -10.8072 41.0975 -6.768 12.4484 0 -8.92874 14.4389 0 -1.25828 6.82494 0 -1.32658 0.163366 7.91501 -4.40884 2.94603 9.66714 -8.3727 
1183667000000 10.6636 5.91781 -10.8072 41.0975 -6.768 12.4484 0 -8.92874 14.4389 0 -1.25828 6.82494 0 -1.32658 0.163366 7.91501 -4.40884 2.94603 9.66714 -8.3727 
1183699000000 10.6636 5.91781 -10.8072 41.0975 -6.768 12.4484 0 -8.92874 14.4389 0 -1.25828 6.82494 0 -1.32658 0.163366 7.91501 -4.40884 2.94603 9.66714 -8.3727 
1183708000000 10.6636 5.91781 -10.8072 41.0975 -6.768 12.4484 0 -8.92874 14.4389 0 -1.25828 6.82494 0 -1.32658 0.163366 7.91501 -4.40884 2.94603 9.66714 -8.3727 
1183749000000 10.6636 5.91781 -10.8072 41.0975 -6.768 12.4484 0 -8.92874 14.4389 0 -1.25828 6.82494 0 -1.32658 0.163366 7.91501 -4.40884 2.94603 9.66714 -8.3727 
1183790000000 10.6636 5.91781 -10.8072 41.0975 -6.768 12.4484 0 -8.92874 14.4389 0 -1.25828 6.82494 0 -1.32658 0.163366 7.91501 -4.40884 2.94603 9.66714 -8.3727 
1183834000000 10.6636 5.91781 -10.8072 41.0975 -6.768 12.4484 0 -8.92874 14.4389 0 -1.25828 6.82494 0 -1.32658 0.163366 7.91501 -4.40884 2.94603 9.66714 -8.3727 
1183869000000 10.6636 5.91781 -10.8072 41.0975 -6.32463 12.4484 0 -8.92874 14.4389 0 -1.25828 6.82494 0 -1.32658 0.163366 7.91501 -4.40884 2.94603 9.66714 -8.72266 
1183910000000 10.6636 5.91781 -10.8072 41.0975 -6.32463 12.4484 0 -8.92874 14.4389 0 -1.25828 6.82494 0 -1.32658 0.163366 7.91501 -4.40884 2.94603 9.66714 -8.89764 
1183950000000 10.6636 4.91053 -11.1008 41.0975 -6.10295 12.4484 0 -8.92874 14.4389 0 -1.25828 6.82494 0 -1.32658 0.163366 6.2107 -4.40884 2.94603 9.66714 -9.94751 
1183988000000 10.6636 4.4069 -10.7794 43.7077 -5.65957 12.4484 0 -8.25088 14.4389 0 -1.25828 6.82494 0 -1.28645 0.163366 5.35855 -4.29813 2.94603 6.80387 -10.8224 
1184030000000 10.6636 3.39963 -10.2536 48.2757 -5.43789 15.0559 0 -8.02493 14.4389 0 -1.25828 6.82494 0 -1.28645 0.163366 4.5064 -4.29813 2.94603 3.36793 -10.9974 
1184068000000 9.4025 3.39963 -9.55135 52.1911 -4.77283 15.0559 0 -8.02493 14.4389 0 -1.25828 6.82494 0 -1.28645 0.163366 3.65425 -4.29813 2.94603 4.51324 -11.3473 
1184111000000 8.56175 3.39963 -8.49796 58.0642 -3.6644 15.0559 0 -8.02493 14.4389 0 -1.1425 6.82494 0 -1.04436 0.163366 1.94995 -3.65624 2.94603 3.36793 -12.0472 
1184150000000 8.14137 3.39963 -7.7957 61.9796 -2.55597 15.0559 0 -8.70279 14.4389 0 -1.1425 6.82494 0 -1.04436 0.163366 0 -3.65624 2.94603 5.0859 -12.9221 
1184190000000 7.721 3.39963 -7.32753 64.5899 -1.22586 15.0559 0 -8.92874 14.4389 0 -1.1425 4.04285 0 -1.04436 1.55505 0 -3.65624 2.94603 6.23121 -13.622 
1184231000000 6.45988 3.39963 -6.62527 68.5053 0.769319 15.0559 0 -10.0585 14.4389 0 -1.1425 2.65181 0 -1.04436 1.55505 0 -3.65624 2.94603 6.23121 -14.8469 
1184269000000 6.45988 3.39963 -6.1571 71.1156 2.09943 15.0559 0 -10.7364 14.4389 0 -1.25828 2.65181 0 -1.28645 1.55505 0 -4.29813 2.94603 8.52183 -15.5468 
1184312000000 6.88025 2.39236 -6.21656 72.4207 2.98618 15.0559 0 -11.1883 13.2639 0 -1.31616 1.26077 0 -1.40749 1.55505 0 -4.61908 2.94603 10.2398 -16.2467 
1184351000000 7.30062 1.88872 -6.0122 74.3784 3.87292 18.9671 0 -11.8661 13.2639 0 -1.37405 1.26077 0 -1.52853 0.163366 0 -4.94002 2.94603 11.3851 -17.1216 
1184363000000 7.721 1.38508 -5.92489 75.6836 4.75967 21.5745 0 -12.0921 13.2639 0 -1.43194 0 0 -1.64958 0.163366 0 -5.26097 2.94603 12.5304 -17.6465 
1184391000000 8.56175 0.881446 -5.95462 76.3361 5.42472 24.182 0 -12.318 13.2639 0 -1.43194 0 0 -1.64958 0.163366 0 -5.26097 2.94603 14.2484 -18.6964 
1184404000000 8.98212 0.881446 -5.83757 76.9887 5.64641 26.7894 0 -12.318 13.2639 0 -1.43194 0 0 -1.64958 0.163366 0 -5.26097 2.94603 15.9664 -19.5713 
1184430000000 8.98212 0.881446 -5.72053 77.6413 6.08978 29.3969 0 -12.544 13.2639 0 -1.43194 0 0 -1.64958 0.163366 0 -5.26097 2.94603 17.1117 -19.9213 
1184443000000 9.82287 0.881446 -5.60349 78.2939 6.53315 32.0043 0 -12.318 13.2639 0 -1.43194 0 0 -1.64958 0.163366 0 -5.26097 2.94603 18.257 -20.2712 
1184489000000 11.084 2.39236 -4.92908 79.599 6.97653 37.2193 2.33726 -12.318 13.2639 0 -1.43194 0 0 -1.64958 0 0 -5.26097 2.94603 18.257 -21.3211 
1184523000000 11.9247 2.89599 -4.66527 80.2516 7.4199 41.1304 5.71681 -12.318 13.2639 0 -1.48983 0 0 -1.77062 0 0 -5.58192 2.94603 19.9749 -21.671 
1184562000000 12.3451 2.89599 -4.66527 80.2516 7.64158 42.4342 8.25147 -12.318 13.2639 0 -1.48983 0 0 -1.77062 0 0 -5.58192 2.94603 20.5476 -22.196 
1184601000000 12.7655 2.89599 -4.66527 80.2516 7.86327 43.7379 11.631 -11.8661 13.2639 0 -1.48983 0 0 -1.77062 0 0 -5.58192 2.94603 19.9749 -22.7209 
1184648000000 13.6062 2.89599 -4.66527 80.2516 8.08495 47.6491 14.1657 -11.6402 13.2639 0 -1.48983 0 0 -1.77062 0 0 -5.58192 2.94603 21.1203 -22.5459 
1184682000000 14.0266 3.90326 -4.37172 80.2516 8.30664 50.2565 15.8555 -11.4142 13.2639 0 -1.37405 0 0 -1.52853 0 0 -4.94002 2.94603 21.1203 -22.371 
1184722000000 15.2877 3.90326 -4.37172 80.2516 8.52833 55.4714 19.235 -10.5104 13.2639 0 -1.31616 0 0 -1.40749 0 0 -4.61908 2.94603 19.9749 -22.021 
1184763000000 16.1285 3.90326 -4.37172 80.2516 8.30664 59.3826 19.235 -9.83255 13.2639 0 -1.25828 0 0 -1.28645 0 0 -4.29813 2.94603 20.5476 -21.846 
1184803000000 16.9692 3.90326 -4.37172 80.2516 8.30664 59.3826 19.235 -9.38065 13.2639 0 -1.25828 0 0 -1.28645 0 0 -4.29813 2.94603 19.9749 -21.4961 
1184843000000 17.81 3.90326 -4.37172 80.2516 8.30664 59.3826 19.235 -8.92874 14.4389 0 -1.20039 2.65181 0 -1.15203 0 0 -3.94028 2.94603 18.257 -21.1461 
1184900000000 18.2304 3.90326 -4.60581 78.9464 8.30664 60.6863 19.235 -8.70279 14.4389 0 -1.1425 2.65181 0 -1.03099 0 0 -3.61933 2.94603 19.9749 -20.9711 
1184934000000 18.2304 3.90326 -4.60581 78.9464 8.30664 59.3826 19.235 -8.25088 14.4389 0 -1.1425 2.65181 0 -1.03099 0.163366 0 -3.61933 2.94603 19.9749 -20.6212 
1184975000000 18.6507 3.90326 -4.60581 78.9464 8.30664 59.3826 20.9248 -8.02493 14.4389 0 -1.08462 2.65181 0 -0.909943 0.163366 0 -3.29839 2.94603 19.4023 -20.4462 
1185014000000 18.6507 2.89599 -4.89935 78.9464 8.30664 59.3826 20.9248 -7.79898 14.4389 0 -1.02673 2.65181 0 -0.7889 0.163366 0 -2.97744 2.94603 19.4023 -20.2712 
1185054000000 18.6507 2.89599 -4.89935 78.9464 8.30664 59.3826 20.0799 -7.34707 14.4389 0 -1.02673 2.65181 0 -0.762147 0.163366 0 -2.90363 2.94603 17.6843 -20.0962 
1185094000000 18.6507 2.89599 -4.89935 78.9464 8.30664 59.3826 20.0799 -7.34707 14.4389 0 -1.02673 2.65181 0 -0.762147 0.163366 0 -2.90363 2.94603 19.4023 -19.9213 
1185140000000 18.6507 2.89599 -4.89935 78.9464 8.30664 59.3826 20.0799 -7.34707 14.4389 0 -1.02673 2.65181 0 -0.762147 0.163366 0 -2.90363 2.94603 18.8296 -19.7463 
1185175000000 18.6507 2.89599 -4.89935 78.9464 8.30664 60.6863 20.0799 -7.34707 14.4389 0 -1.02673 2.65181 0 -0.762147 0.163366 0 -2.90363 2.94603 17.1117 -19.5713 
1185216000000 18.6507 2.89599 -5.0164 78.2939 8.30664 60.6863 20.0799 -7.34707 14.4389 0 -1.02673 2.65181 0 -0.762147 0.163366 0 -2.90363 2.94603 18.8296 -19.2213 
1185256000000 19.0711 2.89599 -5.0164 78.2939 8.30664 60.6863 20.0799 -6.89516 14.4389 0 -0.910957 2.65181 0 -0.52006 1.55505 0 -2.26174 2.94603 18.8296 -18.8714 
1185297000000 19.0711 2.89599 -5.0164 78.2939 7.86327 60.6863 20.0799 -6.66921 14.4389 0 -0.910957 2.65181 0 -0.52006 1.55505 0 -2.26174 2.94603 18.8296 -18.8714 
1185337000000 19.0711 2.89599 -5.0164 78.2939 7.86327 60.6863 20.0799 -6.66921 14.4389 0 -0.85307 2.65181 0 -0.385641 1.55505 0 -1.90389 2.94603 18.8296 -18.6964 
1185375000000 19.0711 2.89599 -5.0164 78.2939 7.86327 60.6863 20.9248 -6.66921 14.4389 0 -0.85307 2.65181 0 -0.385641 1.55505 0 -1.90389 2.94603 18.8296 -18.6964 
1185417000000 19.0711 2.89599 -5.25048 76.9887 7.86327 60.6863 20.9248 -6.66921 14.4389 0 -0.85307 4.04285 0 -0.385641 1.55505 0 -1.90389 2.94603 17.1117 -18.3465 
1185457000000 19.0711 2.89599 -5.25048 76.9887 7.86327 60.6863 20.9248 -6.66921 14.4389 0 -0.85307 4.04285 0 -0.385641 1.55505 0 -1.90389 2.94603 18.257 -18.1715 
1185498000000 19.0711 2.89599 -5.25048 76.9887 7.86327 60.6863 20.9248 -6.2173 14.4389 0 -0.85307 4.04285 0 -0.372264 1.55505 0 -1.86698 2.94603 18.257 -18.1715 
1185538000000 19.0711 2.89599 -5.25048 76.9887 7.86327 60.6863 20.9248 -6.2173 14.4389 0 -0.85307 4.04285 0 -0.372264 1.55505 0 -1.86698 2.94603 18.257 -17.9965 
1185575000000 19.0711 2.89599 -5.25048 76.9887 7.86327 60.6863 20.9248 -6.2173 14.4389 0 -0.85307 4.04285 0 -0.372264 1.55505 0 -1.86698 2.94603 18.257 -17.9965 
1185618000000 19.0711 2.89599 -5.25048 76.9887 7.86327 60.6863 20.9248 -6.2173 14.4389 0 -0.85307 4.04285 0 -0.372264 1.55505 0 -1.86698 2.94603 18.257 -17.8215 
1185660000000 19.0711 2.89599 -5.25048 76.9887 7.86327 60.6863 20.9248 -6.2173 14.4389 0 -0.85307 4.04285 0 -0.372264 1.55505 0 -1.86698 2.94603 18.257 -17.6465 
1185698000000 19.0711 2.89599 -5.25048 76.9887 7.64158 60.6863 20.9248 -6.2173 14.4389 0 -0.795184 4.04285 0 -0.237845 1.55505 0 -1.50913 2.94603 18.257 -17.6465 
1185737000000 19.0711 2.89599 -5.25048 76.9887 7.64158 60.6863 20.9248 -5.7654 14.4389 0 -0.795184 4.04285 0 -0.237845 1.55505 0 -1.50913 2.94603 18.257 -17.4716 
1185776000000 19.4915 2.89599 -5.25048 76.9887 7.64158 60.6863 20.9248 -5.7654 14.4389 0 -0.795184 4.04285 0 -0.237845 2.94673 0 -1.50913 2.94603 15.9664 -17.2966 
1185816000000 19.4915 2.89599 -5.25048 76.9887 7.64158 60.6863 20.9248 -5.7654 14.4389 0 -0.795184 4.04285 0 -0.237845 2.94673 0 -1.50913 2.94603 18.257 -17.2966 
1185857000000 19.4915 2.89599 -5.25048 76.9887 7.64158 60.6863 20.9248 -5.7654 14.4389 0 -0.737297 4.04285 0 -0.103425 2.94673 0 -1.15128 2.94603 17.6843 -17.2966 
1185896000000 19.4915 2.89599 -5.25048 76.9887 7.64158 60.6863 20.9248 -5.7654 14.4389 0 -0.737297 4.04285 0 -0.103425 2.94673 0 -1.15128 2.94603 17.6843 -17.2966 
1185917000000 19.4915 2.89599 -5.25048 76.9887 7.64158 60.6863 20.9248 -5.7654 14.4389 0 -0.737297 4.04285 0 -0.103425 2.94673 0 -1.15128 2.94603 17.6843 -17.2966 
1185937000000 19.4915 2.89599 -5.25048 76.9887 7.64158 60.6863 20.9248 -5.7654 14.4389 0 -0.737297 4.04285 0 -0.103425 2.94673 0 -1.15128 2.94603 17.6843 -17.2966 
1185964000000 19.4915 2.89599 -5.25048 76.9887 7.64158 60.6863 20.9248 -5.53945 14.4389 0 -0.737297 4.04285 0 -0.103425 2.94673 0 -1.15128 2.94603 17.6843 -16.9466 
1186008000000 19.4915 2.89599 -5.36753 76.3361 7.64158 60.6863 20.9248 -5.53945 14.4389 0 -0.737297 4.04285 0 -0.103425 2.94673 0 -1.15128 2.94603 17.6843 -16.9466 
1186048000000 19.4915 2.89599 -5.36753 76.3361 7.64158 60.6863 20.9248 -5.53945 14.4389 0 -0.737297 4.04285 0 -0.103425 2.94673 0 -1.15128 2.94603 17.6843 -16.9466 
1186086000000 19.4915 2.89599 -5.36753 76.3361 7.4199 60.6863 20.9248 -5.53945 14.4389 0 -0.67941 4.04285 0 0.0309941 2.94673 0 -0.793433 2.94603 16.539 -16.7717 
1186125000000 19.4915 2.89599 -5.36753 76.3361 7.4199 60.6863 20.9248 -5.31349 14.4389 0 -0.67941 4.04285 0 0.0309941 2.94673 0 -0.793433 2.94603 17.6843 -16.5967 
1186169000000 19.4915 2.89599 -5.36753 76.3361 7.4199 60.6863 20.9248 -5.31349 15.6139 0 -0.67941 4.04285 0 0.0309941 2.94673 0 -0.793433 2.94603 17.6843 -16.4217 
1186208000000 19.4915 2.89599 -5.36753 76.3361 7.4199 60.6863 20.9248 -5.31349 15.6139 0 -0.67941 4.04285 0 0.0309941 2.94673 0 -0.793433 2.94603 17.6843 -16.4217 
1186255000000 19.4915 2.89599 -5.36753 76.3361 7.4199 60.6863 20.9248 -4.86159 15.6139 0 -0.67941 4.04285 0 0.0309941 2.94673 0 -0.793433 2.94603 16.539 -16.4217 
1186289000000 19.4915 2.89599 -5.36753 76.3361 7.4199 60.6863 20.9248 -4.86159 15.6139 0 -0.621523 4.04285 0 0.152037 4.33841 0 -0.472487 2.94603 17.6843 -16.4217 
1186327000000 19.4915 2.89599 -5.36753 76.3361 7.4199 60.6863 20.9248 -4.63563 15.6139 0 -0.621523 4.04285 0 0.152037 4.33841 0 -0.472487 2.94603 17.6843 -16.0717 
1186369000000 19.4915 2.89599 -5.36753 76.3361 7.4199 60.6863 20.9248 -4.63563 15.6139 0 -0.621523 4.04285 0 0.165413 4.33841 0 -0.435583 2.94603 17.1117 -15.8968 
1186423000000 19.4915 2.89599 -5.36753 76.3361 7.4199 60.6863 20.9248 -4.63563 15.6139 0 -0.621523 4.04285 0 0.165413 4.33841 0 -0.435583 2.94603 17.1117 -15.7218 
1186465000000 19.4915 2.89599 -5.36753 76.3361 7.4199 60.6863 20.9248 -4.63563 15.6139 0 -0.621523 4.04285 0 0.165413 4.33841 0 -0.435583 2.94603 17.1117 -15.7218 
1186500000000 19.4915 2.89599 -5.36753 76.3361 7.4199 60.6863 20.9248 -4.63563 15.6139 0 -0.563637 5.4339 0 0.286456 4.33841 0 -0.114636 2.94603 17.1117 -15.7218 
1186539000000 19.4915 2.89599 -5.36753 76.3361 7.4199 60.6863 20.9248 -4.63563 15.6139 0 -0.563637 5.4339 0 0.286456 4.33841 0 -0.114636 2.94603 17.1117 -15.7218 
1186584000000 19.4915 2.89599 -5.36753 76.3361 7.4199 60.6863 20.9248 -4.63563 15.6139 0 -0.563637 5.4339 0 0.286456 4.33841 0 -0.114636 2.94603 15.3937 -15.7218 
1186620000000 19.4915 2.89599 -5.36753 76.3361 7.4199 60.6863 20.9248 -4.63563 15.6139 0 -0.563637 5.4339 0 0.286456 4.33841 0 -0.114636 2.94603 17.1117 -15.7218 
1186662000000 19.4915 2.89599 -5.36753 76.3361 7.4199 60.6863 20.9248 -4.63563 15.6139 0 -0.50575 5.4339 0 0.407499 4.33841 0 0.20631 2.94603 16.539 -15.7218 
1186702000000 19.4915 2.89599 -5.36753 76.3361 7.4199 60.6863 20.9248 -4.63563 15.6139 0 -0.50575 5.4339 0 0.407499 4.33841 0 0.20631 2.94603 16.539 -15.7218 
1186741000000 19.4915 2.89599 -5.36753 76.3361 7.4199 60.6863 20.9248 -4.63563 15.6139 0 -0.50575 5.4339 0 0.407499 4.33841 0 0.20631 2.94603 17.1117 -15.7218 
1186766000000 19.0711 2.89599 -5.36753 76.3361 7.4199 60.6863 20.9248 -4.40968 15.6139 0 -0.50575 5.4339 0 0.420876 4.33841 0 0.243214 2.94603 15.9664 -15.7218 
1186791000000 19.0711 2.89599 -5.36753 76.3361 7.4199 60.6863 20.9248 -4.40968 15.6139 0 -0.50575 5.4339 0 0.420876 4.33841 0 0.243214 2.94603 17.1117 -15.5468 
1186817000000 19.0711 2.89599 -5.36753 76.3361 7.4199 60.6863 20.9248 -4.40968 15.6139 0 -0.50575 5.4339 0 0.420876 4.33841 0 0.243214 2.94603 17.1117 -15.5468 
1186845000000 19.0711 2.89599 -5.36753 76.3361 7.4199 60.6863 20.9248 -4.40968 15.6139 0 -0.50575 5.4339 0 0.420876 4.33841 0 0.243214 2.94603 17.1117 -15.5468 
1186882000000 19.0711 2.89599 -5.36753 76.3361 7.4199 60.6863 20.9248 -4.40968 15.6139 0 -0.50575 5.4339 0 0.420876 4.33841 0 0.243214 2.94603 17.1117 -15.5468 
1186922000000 19.0711 2.89599 -5.36753 76.3361 7.4199 60.6863 20.9248 -4.40968 15.6139 0 -0.50575 5.4339 0 0.420876 4.33841 0 0.243214 2.94603 17.1117 -15.5468 
1186961000000 19.0711 2.89599 -5.48457 75.6836 7.4199 60.6863 20.9248 -4.40968 15.6139 0 -0.50575 5.4339 0 0.420876 4.33841 0 0.243214 2.94603 17.1117 -15.5468 
1187008000000 19.0711 2.89599 -5.48457 75.6836 7.4199 60.6863 20.9248 -4.40968 15.6139 0 -0.50575 5.4339 0 0.420876 4.33841 0 0.243214 2.94603 17.1117 -15.5468 
1187035000000 19.0711 2.89599 -5.48457 75.6836 7.4199 60.6863 20.9248 -4.40968 15.6139 0 -0.50575 5.4339 0 0.420876 4.33841 0 0.243214 2.94603 17.1117 -15.5468 
1187062000000 19.0711 2.89599 -5.48457 75.6836 7.4199 60.6863 20.9248 -4.40968 15.6139 0 -0.50575 5.4339 0 0.420876 4.33841 0 0.243214 2.94603 17.1117 -15.5468 
1187089000000 19.0711 2.89599 -5.48457 75.6836 7.4199 60.6863 20.9248 -4.40968 15.6139 0 -0.50575 5.4339 0 0.420876 4.33841 0 0.243214 2.94603 17.1117 -15.5468 
1187117000000 19.0711 2.89599 -5.48457 75.6836 7.4199 60.6863 20.9248 -4.40968 15.6139 0 -0.50575 5.4339 0 0.420876 4.33841 0 0.243214 2.94603 17.1117 -15.5468 
1187143000000 19.0711 2.89599 -5.48457 75.6836 7.4199 60.6863 20.9248 -4.40968 15.6139 0 -0.50575 5.4339 0 0.420876 4.33841 0 0.243214 2.94603 17.1117 -15.5468 
1187170000000 19.0711 2.89599 -5.48457 75.6836 7.4199 60.6863 20.9248 -4.40968 15.6139 0 -0.50575 5.4339 0 0.420876 5.7301 0 0.243214 2.94603 15.9664 -15.5468 
1187210000000 19.0711 2.89599 -5.48457 75.6836 7.4199 60.6863 20.9248 -4.40968 15.6139 0 -0.447863 5.4339 0 0.541919 5.7301 0 0.56416 2.94603 17.1117 -15.5468 
1187253000000 19.0711 2.89599 -5.48457 75.6836 7.4199 60.6863 20.9248 -4.40968 15.6139 0 -0.447863 5.4339 0 0.541919 5.7301 0 0.56416 2.94603 17.1117 -15.5468 
1187294000000 19.0711 2.89599 -5.48457 75.6836 7.4199 60.6863 20.9248 -4.40968 15.6139 0 -0.447863 5.4339 0 0.541919 5.7301 0 0.56416 2.94603 17.1117 -15.5468 
1187333000000 19.0711 2.89599 -5.48457 75.6836 7.4199 60.6863 20.9248 -4.40968 15.6139 0 -0.447863 5.4339 0 0.541919 5.7301 0 0.56416 2.94603 17.1117 -15.5468 
