#time#THJ1#THJ2#THJ3#THJ4#THJ5#FFJ0#FFJ3#FFJ4#MFJ0#MFJ3#MFJ4#RFJ0#RFJ3#RFJ4#LFJ0#LFJ3#LFJ4#LFJ5#WRJ1#WRJ2
1087976000000 9.82287 6.42144 -11.2457 37.8346 -6.54632 4.62607 0 -7.34707 7.38876 0 -1.1425 0 0 -1.21826 0 4.5064 -4.13599 2.94603 7.94918 -11.3473 
1088015000000 9.82287 6.42144 -11.2457 37.8346 -6.54632 4.62607 0 -7.34707 7.38876 0 -1.1425 0 0 -1.21826 0 4.5064 -4.13599 2.94603 7.94918 -11.3473 
1088057000000 9.82287 6.42144 -11.2457 37.8346 -6.54632 4.62607 0 -7.34707 7.38876 0 -1.1425 0 0 -1.21826 0 4.5064 -4.13599 2.94603 7.94918 -11.3473 
1088096000000 9.82287 6.42144 -11.2457 37.8346 -6.54632 4.62607 0 -7.34707 7.38876 0 -1.1425 0 0 -1.21826 0 4.5064 -4.13599 2.94603 7.94918 -11.3473 
1088138000000 9.82287 6.42144 -11.2457 37.8346 -6.54632 4.62607 0 -7.34707 7.38876 0 -1.1425 0 0 -1.21826 0 4.5064 -4.13599 2.94603 7.94918 -11.3473 
1088178000000 9.82287 6.42144 -11.2457 37.8346 -6.54632 4.62607 0 -7.34707 7.38876 0 -1.1425 0 0 -1.21826 0 4.5064 -4.13599 2.94603 7.94918 -11.3473 
1088181000000 9.82287 6.42144 -11.2457 37.8346 -6.54632 4.62607 0 -7.34707 7.38876 0 -1.1425 0 0 -1.21826 0 4.5064 -4.13599 2.94603 7.94918 -11.3473 
1088219000000 9.82287 6.42144 -11.2457 37.8346 -6.54632 4.62607 0 -7.34707 7.38876 0 -1.1425 0 0 -1.20488 0 5.35855 -4.09909 2.94603 6.23121 -11.3473 
1088251000000 9.82287 6.42144 -11.2457 37.8346 -6.54632 4.62607 0 -7.34707 7.38876 0 -1.1425 0 0 -1.20488 0 5.35855 -4.09909 2.94603 7.37652 -11.3473 
1088290000000 9.82287 6.42144 -11.2457 37.8346 -6.54632 4.62607 0 -7.34707 7.38876 0 -1.1425 0 0 -1.20488 0 5.35855 -4.09909 2.94603 7.37652 -11.3473 
1088328000000 9.82287 6.42144 -11.2457 37.8346 -6.54632 4.62607 0 -7.34707 7.38876 0 -1.1425 0 0 -1.20488 0 5.35855 -4.09909 2.94603 5.65855 -11.3473 
1088369000000 9.82287 6.42144 -11.2457 37.8346 -6.32463 4.62607 0 -7.34707 7.38876 0 -1.1425 0 0 -1.20488 0 5.35855 -4.09909 2.94603 7.37652 -11.3473 
1088410000000 9.82287 6.42144 -11.2457 37.8346 -6.32463 4.62607 0 -7.12112 7.38876 0 -1.1425 0 0 -1.20488 0 5.35855 -4.09909 2.94603 6.23121 -11.3473 
1088447000000 9.82287 6.42144 -11.2457 37.8346 -6.32463 4.62607 0 -7.12112 7.38876 0 -1.1425 0 0 -1.20488 0 5.35855 -4.09909 2.94603 7.37652 -11.3473 
1088490000000 9.82287 6.42144 -11.2457 37.8346 -6.32463 5.92979 0 -7.12112 7.38876 0 -1.1425 0 0 -1.20488 0 5.35855 -4.09909 2.94603 7.37652 -11.3473 
1088531000000 9.82287 6.42144 -11.2457 37.8346 -6.32463 5.92979 0 -7.12112 7.38876 0 -1.1425 0 0 -1.1915 0 5.35855 -4.06218 2.94603 7.37652 -11.3473 
1088572000000 9.82287 6.42144 -11.1286 38.4872 -6.32463 5.92979 0 -7.12112 7.38876 0 -1.08462 0 0 -1.07046 0 5.35855 -3.74123 2.94603 7.37652 -11.3473 
1088612000000 9.82287 6.42144 -11.1286 38.4872 -6.32463 5.92979 0 -7.12112 7.38876 0 -1.08462 0 0 -1.07046 0 5.35855 -3.74123 2.94603 7.37652 -11.3473 
1088653000000 9.82287 6.42144 -11.1286 38.4872 -6.32463 5.92979 0 -7.12112 7.38876 0 -1.08462 0 0 -1.07046 0 5.35855 -3.74123 2.94603 7.37652 -11.3473 
1088693000000 9.82287 6.42144 -11.1286 38.4872 -6.32463 5.92979 0 -7.12112 7.38876 0 -1.08462 0 0 -1.07046 0 5.35855 -3.74123 2.94603 7.37652 -11.3473 
1088699000000 9.82287 6.42144 -11.1286 38.4872 -6.32463 5.92979 0 -7.12112 7.38876 0 -1.08462 0 0 -1.05708 0 5.35855 -3.70433 2.94603 7.37652 -11.3473 
1088731000000 9.82287 6.42144 -11.1286 38.4872 -6.32463 5.92979 0 -7.12112 7.38876 0 -1.08462 0 0 -1.05708 0 5.35855 -3.70433 2.94603 7.37652 -11.3473 
1088747000000 9.82287 6.42144 -11.1286 38.4872 -6.32463 5.92979 0 -7.12112 7.38876 0 -1.08462 0 0 -1.05708 0 5.35855 -3.70433 2.94603 7.37652 -11.3473 
1088785000000 9.82287 6.42144 -11.1286 38.4872 -6.32463 5.92979 0 -7.12112 7.38876 0 -1.08462 0 0 -1.05708 0 5.35855 -3.70433 2.94603 7.37652 -11.5223 
1088825000000 9.82287 6.42144 -11.1286 38.4872 -6.32463 5.92979 0 -7.12112 7.38876 0 -1.08462 0 0 -1.05708 0 5.35855 -3.70433 2.94603 7.37652 -11.5223 
1088862000000 9.82287 6.42144 -11.1286 38.4872 -6.10295 5.92979 0 -7.12112 7.38876 0 -1.08462 0 0 -1.05708 0 5.35855 -3.70433 2.94603 7.37652 -11.5223 
1088905000000 9.82287 6.42144 -11.1286 38.4872 -6.10295 5.92979 0 -7.12112 7.38876 0 -1.08462 0 0 -1.05708 0 5.35855 -3.70433 2.94603 7.37652 -11.5223 
1088946000000 9.82287 6.42144 -11.1286 38.4872 -6.10295 5.92979 0 -7.12112 7.38876 0 -1.08462 0 0 -1.05708 0 5.35855 -3.70433 2.94603 7.37652 -11.5223 
1088987000000 9.82287 6.42144 -11.1286 38.4872 -6.10295 5.92979 0 -7.12112 7.38876 0 -1.08462 0 0 -1.05708 0 5.35855 -3.70433 2.94603 7.37652 -11.5223 
1089027000000 9.82287 6.42144 -11.1286 38.4872 -6.10295 5.92979 0 -7.12112 7.38876 0 -1.08462 0 0 -1.05708 0 5.35855 -3.70433 2.94603 7.37652 -11.5223 
1089069000000 9.82287 6.42144 -10.7775 40.4449 -5.43789 5.92979 0 -7.12112 7.38876 0 -1.08462 0 0 -1.01696 0 5.35855 -3.59362 2.94603 7.37652 -12.2222 
1089107000000 9.82287 6.42144 -10.4264 42.4026 -4.77283 5.92979 0 -6.66921 7.38876 0 -1.08462 0 0 -0.963449 0 1.94995 -3.446 2.94603 3.94059 -13.0971 
1089147000000 10.6636 4.91053 -10.3985 45.0129 -4.77283 9.84097 0 -6.44326 7.38876 0 -0.968844 0 0 -0.73474 0 1.0978 -2.84101 2.94603 0.504653 -14.322 
1089186000000 10.2432 3.90326 -10.3409 46.9706 -4.55114 11.1447 0 -6.2173 7.38876 0 -0.968844 0 0 -0.73474 0 1.0978 -2.84101 2.94603 -0.0680022 -15.1969 
1089228000000 9.4025 3.39963 -9.78543 50.886 -3.44271 11.1447 0 -6.2173 7.38876 0 -1.02673 0 0 -0.855783 0 1.0978 -3.16196 2.94603 -0.640658 -16.4217 
1089267000000 8.56175 4.4069 -8.90667 54.1488 -2.33428 11.1447 0 -6.2173 8.56379 0 -1.02673 0 0 -0.855783 0 0 -3.16196 2.94603 0.504653 -16.7717 
1089307000000 7.721 4.91053 -7.35538 61.9796 0.547633 15.0559 0 -7.34707 8.56379 0 -1.02673 0 0 -0.82903 0 0 -3.08815 2.94603 -1.21332 -17.4716 
1089348000000 8.14137 5.91781 -6.24254 66.5476 2.76449 16.3596 0 -8.25088 8.56379 0 -1.02673 0 0 -0.815653 0 0 -3.05125 2.94603 -0.0680022 -18.5214 
1089384000000 8.56175 5.91781 -5.77436 69.1579 4.53798 18.9671 3.18215 -9.38065 8.56379 0 -1.1425 0 0 -1.04436 0 0 -3.65624 2.94603 -0.640658 -19.3963 
1089431000000 9.82287 6.42144 -5.04237 72.4207 6.75484 24.182 6.5617 -10.5104 8.56379 0 -1.08462 0 0 -0.909943 0 0 -3.29839 2.94603 -0.640658 -20.7962 
1089468000000 10.2432 6.92508 -4.54447 74.3784 7.64158 26.7894 8.25147 -11.1883 8.56379 0 -1.08462 0 0 -0.896567 0 0 -3.26148 2.94603 0.504653 -21.671 
1089509000000 11.084 7.42871 -4.04657 76.3361 8.75001 28.0932 9.94124 -12.318 8.56379 0 -1.1425 0 0 -1.00423 0 0 -3.54553 2.94603 4.51324 -23.0709 
1089546000000 11.5044 7.93235 -3.78275 76.9887 8.9717 28.0932 11.631 -12.9959 8.56379 0 -1.20039 0 0 -1.12528 0 0 -3.86647 2.94603 6.80387 -23.5958 
1089555000000 11.5044 7.93235 -3.66571 77.6413 9.41507 30.7006 14.1657 -13.2218 8.56379 0 -1.25828 0 0 -1.23294 0 0 -4.15052 2.94603 8.52183 -23.5958 
1089589000000 11.5044 7.93235 -3.54867 78.2939 9.85844 34.6118 16.7003 -13.4478 8.56379 0 -1.25828 0 0 -1.23294 0 0 -4.15052 2.94603 9.66714 -24.1207 
1089598000000 11.5044 7.93235 -3.43163 78.9464 10.5235 37.2193 20.9248 -13.6737 8.56379 0 -1.31616 0 0 -1.35399 0 0 -4.47146 2.94603 10.8125 -24.2957 
1089632000000 11.5044 8.93962 -3.02104 79.599 10.7452 39.8267 23.4594 -13.4478 8.56379 0 -1.31616 0 0 -1.35399 0 0 -4.47146 2.94603 12.5304 -24.2957 
1089660000000 12.3451 9.94689 -2.61045 80.2516 11.4102 41.1304 26.839 -13.2218 8.56379 0 -1.31616 0 0 -1.35399 0 0 -4.47146 2.94603 11.9578 -24.2957 
1089699000000 12.7655 10.9542 -2.3169 80.2516 11.8536 41.1304 27.6839 -13.2218 8.56379 0 -1.31616 0 0 -1.35399 0 0 -4.47146 2.94603 13.1031 -24.2957 
1089739000000 13.1859 10.9542 -2.3169 80.2516 12.0753 43.7379 30.2185 -12.7699 8.56379 0 -1.20039 0 0 -1.1119 0 0 -3.82957 2.94603 13.1031 -23.4208 
1089780000000 13.6062 11.4578 -2.17013 80.2516 12.297 48.9528 32.7532 -12.544 8.56379 0 -1.20039 0 0 -1.1119 0 0 -3.82957 2.94603 11.9578 -23.0709 
1089819000000 14.0266 11.9614 -2.02336 80.2516 12.297 52.864 34.443 -12.0921 8.56379 0 -1.1425 0 0 -0.990856 0 0 -3.50862 2.94603 11.9578 -23.2458 
1089861000000 14.447 11.9614 -2.02336 80.2516 12.7404 55.4714 35.2879 -11.8661 9.73881 0 -1.1425 0 0 -0.990856 0 0 -3.50862 2.94603 10.8125 -23.0709 
1089903000000 14.0266 11.9614 -2.1404 79.599 12.7404 55.4714 36.1327 -11.8661 9.73881 0 -1.1425 0 0 -0.990856 0 0 -3.50862 2.94603 11.9578 -23.0709 
1089940000000 14.0266 11.9614 -2.1404 79.599 12.7404 54.1677 36.9776 -11.8661 9.73881 0 -1.1425 0 0 -1.01761 0 0 -3.58243 2.94603 11.3851 -23.0709 
1089981000000 14.0266 11.9614 -2.1404 79.599 12.7404 54.1677 37.8225 -11.4142 9.73881 0 -1.1425 0 0 -1.00423 0 0 -3.54553 2.94603 10.2398 -22.5459 
1090021000000 14.0266 11.9614 -2.1404 79.599 12.7404 54.1677 37.8225 -11.4142 9.73881 0 -1.1425 0 0 -1.00423 0 0 -3.54553 2.94603 11.3851 -22.5459 
1090061000000 14.0266 11.9614 -2.1404 79.599 13.1837 54.1677 37.8225 -11.4142 9.73881 0 -1.1425 0 0 -1.00423 0 0 -3.54553 2.94603 11.3851 -22.5459 
1090105000000 14.0266 11.9614 -2.1404 79.599 13.1837 54.1677 39.5123 -11.4142 9.73881 0 -1.1425 0 0 -1.00423 0 0 -3.54553 2.94603 10.8125 -22.196 
1090156000000 14.0266 11.9614 -2.1404 79.599 13.1837 51.5602 40.3572 -11.4142 9.73881 0 -1.1425 0 0 -1.00423 0 0 -3.54553 2.94603 10.8125 -21.846 
1090202000000 14.0266 10.9542 -2.43394 79.599 13.4054 51.5602 41.2021 -11.4142 9.73881 0 -1.02673 0 0 -0.762147 0 0 -2.90363 2.94603 10.2398 -21.4961 
1090249000000 14.8674 10.4505 -2.58072 79.599 13.4054 50.2565 41.2021 -11.4142 9.73881 0 -0.968844 0 0 -0.641104 0 0 -2.58269 2.94603 10.2398 -21.4961 
1090301000000 14.8674 10.4505 -2.8148 78.2939 13.4054 50.2565 41.2021 -10.9623 9.73881 0 -0.968844 0 0 -0.641104 0 0 -2.58269 2.94603 10.2398 -21.3211 
1090352000000 14.8674 10.4505 -2.8148 78.2939 13.4054 51.5602 41.2021 -10.7364 9.73881 0 -0.968844 0 0 -0.641104 0 0 -2.58269 2.94603 10.2398 -21.3211 
1090402000000 15.2877 10.4505 -2.8148 78.2939 13.4054 51.5602 41.2021 -10.7364 9.73881 0 -0.968844 0 0 -0.641104 0 0 -2.58269 2.94603 10.2398 -21.1461 
1090444000000 15.2877 10.4505 -2.8148 78.2939 13.4054 51.5602 41.2021 -10.7364 9.73881 0 -0.968844 0 0 -0.614351 0 0 -2.50888 2.94603 10.2398 -20.9711 
1090484000000 15.2877 10.4505 -2.8148 78.2939 13.4054 51.5602 41.2021 -10.7364 9.73881 0 -0.85307 1.26077 0 -0.372264 0 0 -1.86698 2.94603 8.52183 -20.7962 
1090521000000 15.2877 10.4505 -2.8148 78.2939 12.962 51.5602 41.2021 -10.7364 9.73881 0 -0.85307 1.26077 0 -0.372264 0 0 -1.86698 2.94603 10.2398 -20.7962 
1090562000000 15.2877 9.94689 -2.96158 78.2939 12.962 51.5602 41.2021 -10.2845 9.73881 0 -0.795184 1.26077 0 -0.251221 0 0 -1.54604 2.94603 9.66714 -20.4462 
1090620000000 15.2877 9.94689 -3.07862 77.6413 12.962 52.864 41.2021 -10.2845 9.73881 0 -0.795184 1.26077 0 -0.251221 0 0 -1.54604 2.94603 9.66714 -20.2712 
1090668000000 15.2877 9.94689 -3.07862 77.6413 12.962 52.864 41.2021 -10.0585 9.73881 0 -0.795184 1.26077 0 -0.237845 0 0 -1.50913 2.94603 8.52183 -19.9213 
1090705000000 15.2877 9.94689 -3.07862 77.6413 12.962 52.864 41.2021 -10.0585 9.73881 0 -0.795184 1.26077 0 -0.237845 0 0 -1.50913 2.94603 9.66714 -19.9213 
1090740000000 15.2877 9.94689 -3.07862 77.6413 12.962 52.864 41.2021 -10.0585 10.9138 0 -0.795184 1.26077 0 -0.237845 0 0 -1.50913 2.94603 7.94918 -19.7463 
1090783000000 15.2877 9.94689 -3.07862 77.6413 12.962 52.864 41.2021 -10.0585 10.9138 0 -0.737297 1.26077 0 -0.116802 0 0 -1.18819 2.94603 9.66714 -19.7463 
1090823000000 15.7081 9.94689 -3.07862 77.6413 12.7404 52.864 41.2021 -10.0585 10.9138 0 -0.737297 1.26077 0 -0.116802 0 0 -1.18819 2.94603 9.66714 -19.7463 
1090871000000 15.7081 9.94689 -3.07862 77.6413 12.7404 52.864 41.2021 -9.83255 10.9138 0 -0.737297 1.26077 0 -0.103425 0 0 -1.15128 2.94603 9.66714 -19.3963 
1090903000000 15.7081 9.94689 -3.07862 77.6413 12.7404 52.864 41.2021 -9.83255 10.9138 0 -0.737297 1.26077 0 -0.103425 0 0 -1.15128 2.94603 9.66714 -19.2213 
1090954000000 15.7081 9.94689 -3.07862 77.6413 12.7404 52.864 41.2021 -9.83255 10.9138 0 -0.621523 1.26077 0 0.13866 0 0 -0.509391 2.94603 9.66714 -19.0464 
1091004000000 15.7081 9.94689 -3.07862 77.6413 12.7404 52.864 41.2021 -9.83255 10.9138 0 -0.621523 1.26077 0 0.13866 0 0 -0.509391 2.94603 9.66714 -19.0464 
1091043000000 15.7081 9.94689 -3.07862 77.6413 12.7404 52.864 42.047 -9.38065 10.9138 0 -0.563637 1.26077 0 0.259703 0.163366 0 -0.188444 2.94603 9.66714 -18.8714 
1091084000000 15.7081 9.94689 -3.07862 77.6413 12.7404 51.5602 42.047 -9.38065 10.9138 0 -0.563637 1.26077 0 0.286456 0.163366 0 -0.114636 2.94603 9.66714 -18.6964 
1091124000000 15.7081 9.94689 -3.19566 76.9887 12.7404 51.5602 42.047 -9.15469 10.9138 0 -0.563637 1.26077 0 0.286456 0.163366 0 -0.114636 2.94603 9.66714 -18.6964 
1091171000000 16.1285 9.94689 -3.19566 76.9887 12.7404 51.5602 42.047 -9.15469 10.9138 0 -0.563637 1.26077 0 0.286456 0.163366 0 -0.114636 2.94603 9.66714 -18.6964 
1091204000000 16.1285 9.94689 -3.19566 76.9887 12.7404 51.5602 42.047 -9.15469 10.9138 0 -0.563637 1.26077 0 0.286456 0.163366 0 -0.114636 2.94603 9.66714 -18.6964 
1091245000000 16.1285 9.94689 -3.19566 76.9887 12.7404 51.5602 42.047 -9.15469 10.9138 0 -0.563637 1.26077 0 0.286456 0.163366 0 -0.114636 2.94603 9.66714 -18.6964 
1091284000000 16.1285 9.44325 -3.34244 76.9887 12.7404 51.5602 42.047 -9.15469 10.9138 0 -0.563637 1.26077 0 0.286456 0.163366 0 -0.114636 2.94603 9.66714 -18.3465 
1091332000000 16.1285 9.44325 -3.34244 76.9887 12.7404 51.5602 42.047 -9.15469 10.9138 1.39947 -0.50575 1.26077 0 0.407499 1.55505 0 0.20631 2.94603 8.52183 -18.1715 
1091365000000 16.1285 9.44325 -3.34244 76.9887 12.7404 51.5602 43.7367 -8.70279 10.9138 1.39947 -0.50575 1.26077 0 0.407499 1.55505 0 0.20631 2.94603 8.52183 -17.9965 
1091405000000 16.1285 9.44325 -3.34244 76.9887 12.7404 51.5602 43.7367 -8.70279 10.9138 1.39947 -0.50575 2.65181 0 0.407499 1.55505 0 0.20631 2.94603 8.52183 -17.9965 
1091451000000 16.1285 9.44325 -3.34244 76.9887 12.7404 51.5602 43.7367 -8.70279 10.9138 1.39947 -0.50575 2.65181 0 0.407499 1.55505 0 0.20631 2.94603 8.52183 -17.9965 
1091486000000 16.1285 9.44325 -3.34244 76.9887 12.7404 51.5602 43.7367 -8.70279 10.9138 1.39947 -0.50575 2.65181 0 0.407499 1.55505 0 0.20631 2.94603 8.52183 -17.9965 
1091532000000 16.1285 9.44325 -3.34244 76.9887 12.7404 51.5602 43.7367 -8.70279 10.9138 1.39947 -0.50575 2.65181 0 0.407499 1.55505 0 0.20631 2.94603 8.52183 -17.9965 
1091566000000 16.1285 9.44325 -3.45948 76.3361 12.7404 51.5602 43.7367 -8.70279 10.9138 1.39947 -0.50575 2.65181 0 0.407499 1.55505 0 0.20631 2.94603 8.52183 -17.9965 
1091586000000 16.1285 9.44325 -3.45948 76.3361 12.7404 51.5602 43.7367 -8.70279 10.9138 1.39947 -0.50575 2.65181 0 0.407499 1.55505 0 0.20631 2.94603 8.52183 -17.9965 
1091610000000 16.5489 9.44325 -3.45948 76.3361 12.7404 50.2565 43.7367 -8.70279 10.9138 1.39947 -0.50575 2.65181 0 0.407499 1.55505 0 0.20631 2.94603 8.52183 -17.9965 
1091628000000 16.5489 9.44325 -3.45948 76.3361 12.7404 50.2565 43.7367 -8.70279 10.9138 1.39947 -0.50575 2.65181 0 0.407499 1.55505 0 0.20631 2.94603 8.52183 -17.9965 
1091662000000 16.5489 9.44325 -3.45948 76.3361 12.7404 50.2565 43.7367 -8.70279 10.9138 1.39947 -0.50575 2.65181 0 0.407499 1.55505 0 0.20631 2.94603 8.52183 -17.9965 
1091708000000 16.5489 9.44325 -3.45948 76.3361 12.7404 50.2565 43.7367 -8.70279 10.9138 1.39947 -0.50575 2.65181 0 0.407499 1.55505 0 0.20631 2.94603 8.52183 -18.1715 
1091743000000 16.5489 9.44325 -3.45948 76.3361 12.7404 50.2565 43.7367 -8.70279 10.9138 1.39947 -0.50575 2.65181 0 0.407499 1.55505 0 0.20631 2.94603 8.52183 -18.1715 
