#time#THJ1#THJ2#THJ3#THJ4#THJ5#FFJ0#FFJ3#FFJ4#MFJ0#MFJ3#MFJ4#RFJ0#RFJ3#RFJ4#LFJ0#LFJ3#LFJ4#LFJ5#WRJ1#WRJ2
1158046000000 30.8416 32.1069 -3.76024 37.8346 -6.54632 148.036 84.2913 0.787234 133.116 80.9912 0.246778 129.237 151.274 2.43586 162.99 73.5306 5.63335 2.94603 -7.51253 2.65092 
1158087000000 30.8416 32.1069 -3.76024 37.8346 -6.54632 148.036 84.2913 0.787234 133.116 80.9912 0.246778 129.237 151.274 2.43586 162.99 73.5306 5.63335 2.94603 -5.79456 2.65092 
1158127000000 30.8416 32.1069 -3.76024 37.8346 -6.54632 148.036 84.2913 0.787234 133.116 80.9912 0.246778 129.237 151.274 2.43586 162.99 73.5306 5.63335 2.94603 -5.79456 2.47594 
1158168000000 30.8416 32.1069 -3.76024 37.8346 -6.54632 148.036 84.2913 0.787234 133.116 80.9912 0.246778 129.237 151.274 2.43586 162.99 73.5306 5.63335 2.94603 -5.79456 2.47594 
1158209000000 30.8416 32.1069 -3.76024 37.8346 -6.54632 148.036 84.2913 0.787234 133.116 80.9912 0.246778 129.237 153.085 2.43586 162.99 73.5306 5.63335 2.94603 -5.79456 2.47594 
1158212000000 30.8416 32.1069 -3.76024 37.8346 -6.54632 148.036 84.2913 0.787234 133.116 80.9912 0.246778 129.237 153.085 2.43586 162.99 73.5306 5.63335 2.94603 -5.79456 2.47594 
1158249000000 30.8416 32.1069 -3.76024 37.8346 -6.54632 148.036 84.2913 0.787234 133.116 80.9912 0.246778 127.846 153.085 2.43586 162.99 73.5306 5.63335 2.94603 -5.79456 2.47594 
1158263000000 30.8416 32.1069 -3.76024 37.8346 -6.54632 148.036 84.2913 0.787234 133.116 80.9912 0.246778 127.846 153.085 2.43586 162.99 73.5306 5.63335 2.94603 -5.79456 2.47594 
1158300000000 30.8416 32.1069 -3.76024 37.8346 -6.54632 148.036 84.2913 0.787234 133.116 80.9912 0.246778 127.846 153.085 2.43586 162.99 73.5306 5.63335 2.94603 -5.79456 2.47594 
1158339000000 30.8416 32.1069 -3.76024 37.8346 -6.54632 148.036 84.2913 0.787234 133.116 80.9912 0.246778 127.846 153.085 2.43586 162.99 73.5306 5.63335 2.94603 -5.79456 2.47594 
1158378000000 30.8416 32.1069 -3.76024 37.8346 -6.54632 148.036 85.1362 0.787234 133.116 80.9912 0.246778 127.846 153.085 2.43586 162.99 73.5306 5.63335 2.94603 -5.79456 2.47594 
1158421000000 31.262 32.1069 -3.76024 37.8346 -6.54632 148.036 85.1362 0.787234 133.116 80.9912 0.246778 127.846 153.085 2.43586 162.99 73.5306 5.63335 2.94603 -5.79456 2.47594 
1158461000000 31.262 32.1069 -3.76024 37.8346 -6.768 148.036 85.1362 0.787234 133.116 80.9912 0.246778 127.846 153.085 2.43586 162.99 73.5306 5.63335 2.94603 -7.51253 2.65092 
1158496000000 31.262 32.1069 -3.87729 37.1821 -6.768 148.036 85.1362 0.787234 133.116 80.9912 0.246778 127.846 153.085 2.43586 162.99 73.5306 5.63335 2.94603 -6.36722 2.65092 
1158540000000 31.262 32.1069 -3.87729 37.1821 -6.768 148.036 85.1362 0.787234 133.116 80.9912 0.246778 127.846 153.085 2.43586 162.99 73.5306 5.63335 2.94603 -6.36722 2.65092 
1158545000000 31.262 32.1069 -3.87729 37.1821 -6.768 148.036 85.1362 0.787234 133.116 80.9912 0.246778 127.846 153.085 2.43586 162.99 73.5306 5.63335 2.94603 -6.36722 2.65092 
1158580000000 31.262 32.1069 -3.87729 37.1821 -6.768 148.036 85.1362 0.787234 133.116 80.9912 0.246778 127.846 153.085 2.43586 162.99 73.5306 5.63335 2.94603 -6.36722 2.65092 
1158589000000 31.262 32.1069 -3.87729 37.1821 -6.768 148.036 85.1362 0.787234 133.116 80.9912 0.246778 127.846 153.085 2.43586 162.99 73.5306 5.63335 2.94603 -6.36722 2.65092 
1158629000000 31.262 32.1069 -3.76024 37.8346 -6.768 148.036 85.1362 0.787234 133.116 80.9912 0.246778 127.846 153.085 2.43586 162.99 73.5306 5.63335 2.94603 -6.36722 2.65092 
1158674000000 31.262 32.1069 -3.76024 37.8346 -6.768 148.036 85.1362 0.787234 133.116 80.9912 0.246778 127.846 153.085 2.43586 162.99 73.5306 5.63335 2.94603 -6.36722 2.65092 
1158716000000 31.262 32.1069 -3.76024 37.8346 -6.768 148.036 85.1362 0.787234 133.116 80.9912 0.246778 127.846 153.085 2.43586 162.99 73.5306 5.63335 2.94603 -6.36722 2.65092 
1158754000000 31.262 32.1069 -3.76024 37.8346 -6.768 148.036 85.1362 0.787234 133.116 80.9912 0.246778 127.846 153.085 2.43586 162.99 73.5306 5.63335 2.94603 -6.36722 2.65092 
1158791000000 31.262 32.1069 -3.76024 37.8346 -6.768 148.036 85.1362 0.787234 133.116 80.9912 0.246778 129.237 153.085 2.43586 162.99 73.5306 5.63335 2.94603 -6.36722 2.65092 
1158826000000 31.262 32.1069 -3.76024 37.8346 -6.768 148.036 85.1362 0.787234 133.116 80.9912 0.246778 129.237 153.085 2.43586 162.99 73.5306 5.63335 2.94603 -6.36722 2.65092 
1158840000000 31.262 32.1069 -3.76024 37.8346 -6.768 148.036 85.1362 0.787234 133.116 80.9912 0.246778 129.237 153.085 2.43586 162.99 73.5306 5.63335 2.94603 -6.36722 2.65092 
1158875000000 31.262 32.1069 -3.76024 37.8346 -6.54632 148.036 85.1362 0.787234 133.116 80.9912 0.246778 129.237 153.085 2.43586 162.99 73.5306 5.63335 2.94603 -6.36722 2.65092 
1158921000000 31.262 32.1069 -3.76024 37.8346 -6.54632 148.036 85.1362 0.787234 133.116 80.9912 0.246778 129.237 153.085 2.43586 162.99 73.5306 5.63335 2.94603 -6.36722 2.65092 
1158955000000 31.262 32.1069 -3.76024 37.8346 -6.54632 146.732 84.2913 0.787234 133.116 80.9912 0.246778 129.237 153.085 2.43586 162.99 73.5306 5.63335 2.94603 -7.51253 2.65092 
1158995000000 31.262 32.1069 -3.76024 37.8346 -6.54632 146.732 84.2913 0.787234 133.116 80.9912 0.246778 129.237 153.085 2.43586 162.99 73.5306 5.63335 2.94603 -6.36722 2.65092 
1159036000000 31.262 31.6032 -3.90702 37.8346 -6.54632 146.732 84.2913 0.787234 131.941 80.9912 0.246778 129.237 153.085 2.43586 162.99 73.5306 5.63335 2.94603 -8.08518 2.65092 
1159074000000 31.262 31.6032 -3.90702 37.8346 -6.54632 146.732 84.2913 0.787234 131.941 80.9912 0.246778 129.237 153.085 2.43586 162.99 73.5306 5.63335 2.94603 -6.36722 2.65092 
1159117000000 31.262 31.6032 -3.90702 37.8346 -6.54632 146.732 84.2913 0.787234 131.941 80.9912 0.246778 129.237 153.085 2.43586 162.99 73.5306 5.63335 2.94603 -6.36722 2.65092 
1159158000000 31.262 31.6032 -3.90702 37.8346 -6.54632 146.732 84.2913 0.787234 131.941 80.9912 0.246778 129.237 153.085 2.43586 162.99 73.5306 5.63335 2.94603 -6.36722 2.65092 
1159196000000 31.262 31.6032 -3.78997 38.4872 -6.54632 146.732 84.2913 0.787234 131.941 80.9912 0.246778 129.237 153.085 2.43586 162.99 73.5306 5.63335 2.94603 -6.36722 2.65092 
1159238000000 31.262 31.6032 -3.78997 38.4872 -6.54632 146.732 84.2913 0.787234 131.941 80.9912 0.246778 129.237 153.085 2.43586 162.99 73.5306 5.63335 2.94603 -6.36722 2.65092 
1159246000000 31.262 31.6032 -3.78997 38.4872 -6.54632 146.732 84.2913 0.787234 131.941 80.9912 0.246778 129.237 153.085 2.43586 162.99 73.5306 5.63335 2.94603 -6.36722 2.65092 
1159278000000 31.262 31.6032 -3.78997 38.4872 -6.54632 146.732 84.2913 0.787234 128.416 80.9912 0.246778 129.237 153.085 2.43586 162.99 73.5306 5.63335 2.94603 -6.36722 2.65092 
1159291000000 31.262 31.6032 -3.78997 38.4872 -6.54632 146.732 84.2913 0.787234 126.066 80.9912 0.246778 125.064 153.085 2.43586 162.99 73.5306 5.63335 2.94603 -6.36722 2.65092 
1159325000000 31.262 31.6032 -3.78997 38.4872 -6.10295 146.732 84.2913 0.787234 123.716 80.9912 0.246778 120.89 153.085 2.43586 162.99 73.5306 5.63335 2.94603 -5.2219 2.30096 
1159388000000 31.262 31.6032 -3.78997 38.4872 -5.43789 144.125 84.2913 1.01319 121.366 80.9912 0.246778 118.108 153.085 2.43586 162.99 73.5306 5.63335 2.94603 -5.79456 1.95101 
1159425000000 31.262 31.6032 -3.55589 39.7923 -4.77283 142.821 80.9118 1.01319 120.191 80.9912 0.246778 115.326 149.463 2.40911 160.207 73.5306 5.55954 2.94603 -5.2219 2.12598 
1159470000000 29.5805 30.596 -3.61535 41.0975 -3.88609 137.606 71.618 1.01319 115.491 77.4798 0.131004 109.762 136.784 2.11351 154.64 68.4177 4.77003 2.94603 -6.93987 1.25109 
1159508000000 28.7397 29.5887 -3.67481 42.4026 -3.44271 137.606 68.2385 1.01319 115.491 73.9684 0.131004 108.371 131.351 2.10014 151.857 65.8612 4.73313 2.94603 -5.2219 0.726159 
1159548000000 27.0582 27.5741 -3.79373 45.0129 -3.44271 136.303 62.3243 1.01319 114.316 68.1161 0.0731177 106.98 120.483 1.93897 149.073 62.4526 4.30147 2.94603 -5.2219 0.201225 
1159589000000 24.1156 24.5523 -3.97211 48.9283 -3.22103 128.48 53.0305 0.561281 107.266 57.5819 -0.100543 100.025 95.1262 1.49558 137.94 53.079 3.11721 2.94603 -3.50394 -2.24847 
1159632000000 21.5934 22.5378 -3.97398 52.1911 -2.99934 112.835 43.7367 -0.794436 95.5155 43.5363 -0.100543 91.6785 60.7129 1.42869 126.807 36.036 2.93269 2.94603 -1.21332 -6.97288 
1159669000000 19.4915 20.5232 -3.85881 56.1065 -2.1126 93.2795 35.2879 -2.82801 79.0652 31.8316 -0.0426558 77.7681 48.0343 1.49623 110.106 29.2188 3.10602 2.94603 1.64996 -9.07262 
1159713000000 14.447 14.9832 -4.30288 62.6322 -0.33911 55.4714 22.6146 -6.44326 48.5146 9.59275 -0.216316 49.9472 24.4884 1.05284 76.7059 18.993 1.92175 2.94603 6.80387 -11.8723 
1159749000000 11.9247 12.4651 -4.56857 65.2425 0.547633 42.4342 16.7003 -7.34707 36.7644 0 -0.33209 37.4279 9.99866 0.797381 60.0057 13.8801 1.24296 2.94603 10.2398 -13.2721 
1159790000000 10.6636 10.9542 -4.65776 67.2002 1.43438 34.6118 14.1657 -8.02493 29.7142 0 -0.389976 30.4727 0 0.662962 50.2639 8.76716 0.885107 2.94603 13.1031 -14.147 
1159800000000 10.2432 9.44325 -4.864 68.5053 2.09943 30.7006 11.631 -8.92874 25.0141 0 -0.50575 24.9085 0 0.420876 43.3055 4.5064 0.243214 2.94603 14.821 -15.0219 
1159830000000 10.2432 8.43598 -4.80641 70.463 2.76449 26.7894 9.09636 -9.6066 21.489 0 -0.621523 19.3443 0 0.17879 36.3471 0.245651 -0.398679 2.94603 17.1117 -16.0717 
1159840000000 10.6636 7.42871 -4.86587 71.7682 3.20786 25.4857 7.40658 -10.5104 19.139 0 -0.737297 15.1712 0 -0.0632958 29.3887 0 -1.04057 2.94603 18.8296 -17.1216 
1159897000000 11.9247 6.42144 -4.92533 73.0733 3.87292 24.182 4.87192 -11.4142 17.964 0 -0.910957 9.60702 0 -0.453178 21.0386 0 -2.07722 2.94603 21.1203 -18.5214 
1159941000000 13.6062 6.42144 -4.69125 74.3784 4.3163 25.4857 4.87192 -11.8661 16.789 0 -1.02673 6.82494 0 -0.708641 18.2552 0 -2.75602 2.94603 22.2656 -19.0464 
1159988000000 15.2877 7.42871 -4.28066 75.031 4.75967 33.3081 8.25147 -11.8661 17.964 0 -1.08462 5.4339 0 -0.829684 15.4719 0 -3.07696 2.94603 21.6929 -19.2213 
1160041000000 16.1285 7.42871 -4.28066 75.031 4.98135 38.523 13.3208 -11.4142 17.964 0 -1.1425 5.4339 0 -0.93735 15.4719 0 -3.36101 2.94603 21.6929 -19.3963 
1160091000000 17.3896 8.43598 -3.87007 75.6836 5.8681 46.3453 18.3901 -10.7364 17.964 0 -1.08462 5.4339 0 -0.816307 15.4719 0 -3.04006 2.94603 19.9749 -19.3963 
1160148000000 17.81 8.43598 -3.75302 76.3361 6.31147 48.9528 20.9248 -9.6066 17.964 0 -1.02673 5.4339 0 -0.695264 15.4719 0 -2.71911 2.94603 19.9749 -19.3963 
1160192000000 17.81 7.93235 -3.8998 76.3361 6.75484 50.2565 22.6146 -9.15469 17.964 0 -1.02673 5.4339 0 -0.695264 15.4719 0 -2.71911 2.94603 19.9749 -19.0464 
1160243000000 18.2304 6.42144 -4.34012 76.3361 7.19821 51.5602 23.4594 -8.47683 17.964 0 -0.968844 5.4339 0 -0.574221 15.4719 0 -2.39817 2.94603 19.9749 -18.6964 
1160296000000 18.6507 4.91053 -4.78043 76.3361 7.19821 52.864 24.3043 -7.79898 17.964 0 -0.85307 8.21598 0 -0.332135 15.4719 0 -1.75627 2.94603 19.9749 -18.5214 
1160341000000 19.0711 4.4069 -4.92721 76.3361 7.4199 52.864 25.1492 -7.57302 20.314 0 -0.85307 8.21598 0 -0.332135 15.4719 0 -1.75627 2.94603 18.8296 -17.8215 
1160390000000 19.0711 3.90326 -5.07398 76.3361 7.64158 52.864 25.9941 -7.12112 20.314 0 -0.795184 8.21598 0 -0.211092 15.4719 0 -1.43533 2.94603 18.257 -17.6465 
1160441000000 19.4915 3.39963 -5.22075 76.3361 7.86327 52.864 25.9941 -6.66921 20.314 0 -0.795184 9.60702 0 -0.184339 15.4719 0 -1.36152 2.94603 17.6843 -17.2966 
1160498000000 19.9119 3.39963 -5.22075 76.3361 7.86327 52.864 25.9941 -6.44326 20.314 0 -0.737297 9.60702 0 -0.0632958 15.4719 0 -1.04057 2.94603 17.6843 -16.9466 
1160533000000 19.9119 3.39963 -5.22075 76.3361 7.64158 52.864 25.9941 -6.44326 20.314 0 -0.737297 9.60702 0 -0.0632958 15.4719 0 -1.04057 2.94603 17.6843 -16.7717 
1160572000000 19.9119 3.39963 -5.22075 76.3361 7.64158 52.864 25.9941 -6.2173 20.314 0 -0.67941 9.60702 0 0.0577471 15.4719 0 -0.719625 2.94603 17.6843 -16.5967 
1160613000000 19.9119 3.39963 -5.22075 76.3361 7.64158 52.864 25.9941 -6.2173 20.314 0 -0.621523 9.60702 0 0.17879 15.4719 0 -0.398679 2.94603 16.539 -16.2467 
1160652000000 19.9119 3.39963 -5.22075 76.3361 7.64158 52.864 26.839 -6.2173 20.314 0 -0.621523 9.60702 0 0.17879 16.8636 0 -0.398679 2.94603 17.1117 -16.0717 
1160694000000 19.9119 3.39963 -5.3378 75.6836 7.64158 52.864 26.839 -6.2173 21.489 0 -0.621523 9.60702 0 0.17879 16.8636 0 -0.398679 2.94603 15.9664 -16.0717 
1160742000000 19.9119 3.39963 -5.3378 75.6836 7.64158 51.5602 26.839 -5.7654 21.489 0 -0.621523 9.60702 0 0.17879 16.8636 0 -0.398679 2.94603 17.1117 -16.0717 
1160790000000 19.9119 3.39963 -5.3378 75.6836 7.64158 51.5602 26.839 -5.53945 21.489 0 -0.621523 9.60702 0 0.17879 16.8636 0 -0.398679 2.94603 17.1117 -15.7218 
1160834000000 19.9119 3.39963 -5.3378 75.6836 7.64158 51.5602 26.839 -5.53945 21.489 0 -0.621523 9.60702 0 0.17879 16.8636 0 -0.398679 2.94603 16.539 -15.3718 
1160872000000 19.9119 3.39963 -5.3378 75.6836 7.4199 51.5602 26.839 -5.53945 21.489 0 -0.50575 9.60702 0 0.434252 16.8636 0 0.280118 2.94603 15.3937 -15.1969 
1160911000000 19.9119 3.39963 -5.3378 75.6836 7.4199 51.5602 26.839 -5.53945 21.489 0 -0.50575 9.60702 0 0.434252 16.8636 0 0.280118 2.94603 16.539 -15.0219 
1160953000000 19.9119 3.39963 -5.45484 75.031 7.4199 51.5602 26.839 -5.08754 21.489 0 -0.50575 9.60702 0 0.434252 18.2552 0 0.280118 2.94603 16.539 -15.0219 
1160993000000 19.9119 3.39963 -5.45484 75.031 7.4199 51.5602 26.839 -5.08754 21.489 0 -0.50575 9.60702 0 0.434252 18.2552 0 0.280118 2.94603 16.539 -14.8469 
1161034000000 19.9119 3.39963 -5.45484 75.031 7.4199 51.5602 26.839 -5.08754 21.489 0 -0.50575 9.60702 0 0.434252 18.2552 0 0.280118 2.94603 16.539 -14.8469 
1161074000000 19.9119 3.39963 -5.45484 75.031 7.4199 51.5602 26.839 -5.08754 21.489 0 -0.50575 10.9981 0 0.447629 18.2552 0 0.317022 2.94603 16.539 -14.6719 
1161120000000 19.9119 3.39963 -5.45484 75.031 7.4199 51.5602 26.839 -5.08754 21.489 0 -0.50575 10.9981 0 0.447629 18.2552 0 0.317022 2.94603 16.539 -14.6719 
1161154000000 19.9119 3.39963 -5.45484 75.031 7.4199 51.5602 26.839 -5.08754 21.489 0 -0.50575 10.9981 0 0.447629 18.2552 0 0.317022 2.94603 16.539 -14.6719 
1161170000000 19.9119 3.39963 -5.45484 75.031 7.4199 51.5602 26.839 -5.08754 21.489 0 -0.447863 10.9981 0 0.568672 18.2552 0 0.637968 2.94603 14.821 -14.6719 
1161201000000 19.4915 3.39963 -5.45484 75.031 7.4199 51.5602 26.839 -4.86159 21.489 0 -0.447863 10.9981 0 0.568672 18.2552 0 0.637968 2.94603 15.9664 -14.322 
1161241000000 19.4915 3.39963 -5.45484 75.031 7.4199 51.5602 26.839 -4.40968 21.489 0 -0.447863 10.9981 0 0.568672 18.2552 0 0.637968 2.94603 16.539 -14.322 
1161275000000 19.4915 3.39963 -5.45484 75.031 7.4199 51.5602 26.839 -4.40968 21.489 0 -0.447863 10.9981 0 0.568672 18.2552 0 0.637968 2.94603 16.539 -14.147 
1161318000000 19.4915 3.39963 -5.45484 75.031 7.4199 51.5602 26.839 -4.18373 21.489 0 -0.33209 10.9981 0 0.824134 19.6469 0 1.31676 2.94603 16.539 -14.147 
1161353000000 19.4915 3.90326 -5.30807 75.031 7.4199 51.5602 26.839 -4.18373 21.489 0 -0.33209 10.9981 0 0.824134 19.6469 0 1.31676 2.94603 14.821 -14.147 
1161394000000 19.4915 3.90326 -5.30807 75.031 7.4199 51.5602 26.839 -4.18373 21.489 0 -0.33209 10.9981 0 0.824134 19.6469 0 1.31676 2.94603 16.539 -14.147 
1161434000000 19.4915 3.90326 -5.30807 75.031 7.4199 51.5602 26.839 -4.18373 21.489 0 -0.33209 10.9981 0 0.824134 19.6469 0 1.31676 2.94603 16.539 -14.147 
1161476000000 19.4915 3.90326 -5.30807 75.031 7.19821 51.5602 26.839 -4.18373 21.489 0 -0.33209 10.9981 0 0.824134 19.6469 0 1.31676 2.94603 16.539 -14.147 
1161514000000 19.4915 3.90326 -5.30807 75.031 7.19821 51.5602 26.839 -4.18373 21.489 0 -0.33209 10.9981 0 0.824134 19.6469 0 1.31676 2.94603 16.539 -14.147 
1161556000000 19.4915 3.90326 -5.30807 75.031 7.19821 51.5602 26.839 -4.18373 21.489 0 -0.33209 10.9981 0 0.824134 19.6469 0 1.31676 2.94603 16.539 -14.147 
1161596000000 19.4915 3.90326 -5.30807 75.031 7.19821 51.5602 26.839 -4.18373 21.489 0 -0.33209 10.9981 0 0.824134 19.6469 0 1.31676 2.94603 16.539 -14.147 
1161614000000 19.4915 3.90326 -5.30807 75.031 7.19821 51.5602 26.839 -4.18373 21.489 0 -0.33209 10.9981 0 0.824134 19.6469 0 1.31676 2.94603 16.539 -14.147 
1161634000000 19.4915 3.90326 -5.30807 75.031 7.19821 51.5602 26.839 -4.18373 21.489 0 -0.33209 10.9981 0 0.824134 19.6469 0 1.31676 2.94603 15.3937 -13.972 
1161652000000 19.4915 3.90326 -5.30807 75.031 7.19821 51.5602 26.839 -3.95778 21.489 0 -0.33209 10.9981 0 0.824134 19.6469 0 1.31676 2.94603 16.539 -13.972 
1161696000000 19.4915 3.90326 -5.30807 75.031 7.19821 51.5602 26.839 -3.95778 21.489 0 -0.33209 10.9981 0 0.837511 19.6469 0 1.35367 2.94603 16.539 -13.972 
1161738000000 19.4915 3.90326 -5.30807 75.031 7.19821 51.5602 26.839 -3.95778 21.489 0 -0.33209 10.9981 0 0.837511 19.6469 0 1.35367 2.94603 16.539 -13.972 
1161777000000 19.4915 3.90326 -5.30807 75.031 7.19821 51.5602 26.839 -3.95778 21.489 0 -0.33209 10.9981 0 0.837511 19.6469 0 1.35367 2.94603 16.539 -13.972 
1161816000000 19.4915 3.90326 -5.30807 75.031 7.19821 51.5602 26.839 -3.50587 21.489 0 -0.33209 10.9981 0 0.837511 19.6469 0 1.35367 2.94603 16.539 -13.972 
1161857000000 19.4915 3.90326 -5.42511 74.3784 7.19821 51.5602 26.839 -3.50587 21.489 0 -0.33209 10.9981 0 0.837511 19.6469 0 1.35367 2.94603 14.821 -13.622 
1161897000000 19.4915 3.90326 -5.42511 74.3784 7.19821 51.5602 26.839 -3.50587 21.489 0 -0.33209 10.9981 0 0.837511 19.6469 0 1.35367 2.94603 15.9664 -13.622 
1161935000000 19.4915 3.90326 -5.42511 74.3784 7.19821 51.5602 26.839 -3.50587 21.489 0 -0.274203 10.9981 0 0.958554 19.6469 0 1.67462 2.94603 15.9664 -13.622 
1161977000000 19.4915 3.90326 -5.42511 74.3784 7.19821 51.5602 26.839 -3.50587 21.489 0 -0.274203 10.9981 0 0.958554 19.6469 0 1.67462 2.94603 14.2484 -13.622 
1162018000000 19.4915 3.90326 -5.42511 74.3784 7.19821 51.5602 26.839 -3.50587 21.489 0 -0.274203 10.9981 0 0.958554 21.0386 0 1.67462 2.94603 16.539 -13.622 
1162058000000 19.4915 3.90326 -5.42511 74.3784 7.19821 51.5602 26.839 -3.50587 21.489 0 -0.274203 10.9981 0 0.958554 21.0386 0 1.67462 2.94603 15.9664 -13.622 
1162096000000 19.4915 3.90326 -5.42511 74.3784 7.19821 51.5602 26.839 -3.05396 21.489 0 -0.274203 10.9981 0 0.958554 21.0386 0 1.67462 2.94603 15.9664 -13.622 
1162138000000 19.4915 3.90326 -5.42511 74.3784 7.19821 51.5602 26.839 -3.05396 21.489 0 -0.274203 10.9981 0 0.958554 21.0386 0.245651 1.67462 2.94603 15.9664 -13.2721 
1162178000000 19.4915 3.90326 -5.42511 74.3784 7.19821 51.5602 26.839 -3.05396 21.489 0 -0.216316 10.9981 0 1.0796 21.0386 0.245651 1.99556 2.94603 15.9664 -13.2721 
1162199000000 19.4915 3.90326 -5.42511 74.3784 7.19821 51.5602 26.839 -3.05396 21.489 0 -0.216316 10.9981 0 1.0796 21.0386 0.245651 1.99556 2.94603 15.9664 -13.2721 
1162220000000 19.4915 3.90326 -5.42511 74.3784 7.19821 51.5602 26.839 -3.05396 21.489 0 -0.216316 10.9981 0 1.0796 21.0386 0.245651 1.99556 2.94603 15.9664 -13.2721 
1162241000000 19.4915 3.90326 -5.42511 74.3784 7.19821 51.5602 26.839 -3.05396 21.489 0 -0.216316 10.9981 0 1.0796 21.0386 0.245651 1.99556 2.94603 15.9664 -13.2721 
1162263000000 19.4915 3.90326 -5.42511 74.3784 7.19821 51.5602 26.839 -3.05396 21.489 0 -0.216316 10.9981 0 1.0796 21.0386 0.245651 1.99556 2.94603 15.9664 -13.2721 
1162308000000 19.4915 3.90326 -5.42511 74.3784 6.97653 51.5602 26.839 -3.05396 21.489 0 -0.216316 10.9981 0 1.0796 21.0386 0.245651 1.99556 2.94603 15.9664 -13.2721 
1162348000000 19.4915 3.90326 -5.42511 74.3784 6.97653 51.5602 26.839 -3.05396 21.489 0 -0.216316 10.9981 0 1.0796 21.0386 0.245651 1.99556 2.94603 15.9664 -13.2721 
1162392000000 19.4915 3.90326 -5.42511 74.3784 6.97653 51.5602 26.839 -3.05396 21.489 0 -0.216316 10.9981 0 1.0796 21.0386 0.245651 1.99556 2.94603 15.9664 -13.2721 
1162428000000 19.4915 3.90326 -5.42511 74.3784 6.97653 51.5602 26.839 -3.05396 21.489 0 -0.216316 10.9981 0 1.0796 21.0386 0.245651 1.99556 2.94603 15.9664 -13.2721 
1162449000000 19.4915 3.90326 -5.42511 74.3784 6.97653 51.5602 26.839 -3.05396 21.489 0 -0.216316 10.9981 0 1.0796 21.0386 0.245651 1.99556 2.94603 15.9664 -13.2721 
1162472000000 19.4915 3.90326 -5.42511 74.3784 6.97653 51.5602 26.839 -3.05396 21.489 0 -0.216316 10.9981 0 1.09297 21.0386 0.245651 2.03247 2.94603 15.9664 -13.2721 
1162495000000 19.4915 3.90326 -5.42511 74.3784 6.97653 51.5602 26.839 -3.05396 21.489 0 -0.216316 10.9981 0 1.09297 21.0386 0.245651 2.03247 2.94603 15.9664 -13.2721 
1162547000000 19.4915 3.90326 -5.42511 74.3784 7.19821 51.5602 26.839 -3.05396 21.489 0 -0.216316 10.9981 0 1.09297 21.0386 0.245651 2.03247 2.94603 15.9664 -13.2721 
1162578000000 19.4915 3.90326 -5.42511 74.3784 7.19821 51.5602 26.839 -2.82801 21.489 0 -0.216316 10.9981 0 1.09297 21.0386 0.245651 2.03247 2.94603 15.9664 -13.2721 
1162622000000 19.4915 3.90326 -5.42511 74.3784 7.19821 51.5602 26.839 -2.82801 21.489 0 -0.216316 10.9981 0 1.09297 21.0386 0.245651 2.03247 2.94603 15.9664 -13.2721 
1162661000000 19.4915 3.90326 -5.42511 74.3784 7.19821 51.5602 26.839 -2.82801 21.489 0 -0.216316 10.9981 0 1.09297 21.0386 0.245651 2.03247 2.94603 15.9664 -13.2721 
1162702000000 19.4915 3.90326 -5.42511 74.3784 6.97653 51.5602 26.839 -2.82801 21.489 0 -0.216316 10.9981 0 1.09297 21.0386 0.245651 2.03247 2.94603 14.2484 -12.9221 
1162727000000 19.4915 4.4069 -5.27834 74.3784 6.97653 51.5602 26.839 -2.37611 21.489 0 -0.158429 10.9981 0 1.21402 21.0386 0.245651 2.35341 2.94603 16.539 -12.9221 
1162751000000 19.4915 4.4069 -5.27834 74.3784 6.97653 51.5602 26.839 -2.37611 21.489 0 -0.158429 10.9981 0 1.21402 21.0386 0.245651 2.35341 2.94603 15.9664 -12.7472 
1162776000000 19.4915 4.4069 -5.27834 74.3784 6.97653 51.5602 26.839 -2.15015 21.489 0 -0.158429 10.9981 0 1.21402 21.0386 0.245651 2.35341 2.94603 16.539 -12.7472 
1162809000000 19.4915 4.4069 -5.27834 74.3784 6.75484 51.5602 26.839 -2.15015 21.489 0 -0.158429 10.9981 0 1.21402 21.0386 0.245651 2.35341 2.94603 14.821 -12.7472 
1162851000000 19.4915 4.4069 -5.27834 74.3784 6.75484 51.5602 26.839 -1.69825 21.489 0 -0.158429 10.9981 0 1.21402 21.0386 0.245651 2.35341 2.94603 16.539 -12.7472 
1162898000000 19.4915 4.91053 -5.13156 74.3784 6.75484 51.5602 26.839 -1.69825 21.489 0 -0.158429 10.9981 0 1.21402 21.0386 0.245651 2.35341 2.94603 16.539 -12.7472 
1162931000000 19.4915 4.91053 -5.13156 74.3784 6.75484 51.5602 26.839 -1.47229 21.489 0 -0.158429 10.9981 0 1.21402 21.0386 0.245651 2.35341 2.94603 15.3937 -12.7472 
1162972000000 19.4915 4.91053 -5.13156 74.3784 6.31147 51.5602 26.839 -1.47229 21.489 0 -0.158429 10.9981 0 1.21402 21.0386 1.0978 2.35341 2.94603 16.539 -12.5722 
1163020000000 19.4915 5.41417 -4.98479 74.3784 6.31147 52.864 26.839 -1.47229 21.489 0 -0.158429 12.3891 0 1.21402 21.0386 1.0978 2.35341 2.94603 15.3937 -12.5722 
1163061000000 19.4915 5.41417 -4.98479 74.3784 6.31147 52.864 26.839 -1.47229 21.489 0 -0.158429 12.3891 0 1.22739 21.0386 1.0978 2.39032 2.94603 16.539 -12.5722 
1163100000000 19.4915 5.41417 -4.98479 74.3784 6.31147 52.864 26.839 -1.47229 21.489 0 -0.158429 12.3891 0 1.22739 21.0386 1.0978 2.39032 2.94603 16.539 -12.5722 
1163148000000 19.4915 5.41417 -4.98479 74.3784 6.31147 52.864 26.839 -1.24634 21.489 0 -0.158429 12.3891 0 1.22739 21.0386 1.0978 2.39032 2.94603 16.539 -12.2222 
1163177000000 19.4915 5.41417 -4.98479 74.3784 6.31147 52.864 26.839 -1.24634 21.489 0 -0.100543 12.3891 0 1.34844 21.0386 1.0978 2.71126 2.94603 16.539 -12.2222 
1163224000000 19.4915 5.41417 -4.98479 74.3784 6.31147 52.864 26.839 -1.24634 21.489 0 -0.100543 12.3891 0 1.34844 21.0386 1.0978 2.71126 2.94603 16.539 -12.2222 
1163261000000 19.4915 5.41417 -4.98479 74.3784 6.31147 52.864 26.839 -1.24634 21.489 0 -0.100543 12.3891 0 1.34844 21.0386 1.0978 2.71126 2.94603 16.539 -12.2222 
1163300000000 19.4915 5.41417 -4.98479 74.3784 6.31147 52.864 26.839 -1.24634 21.489 0 -0.100543 12.3891 0 1.34844 21.0386 1.0978 2.71126 2.94603 16.539 -12.2222 
1163343000000 19.4915 5.41417 -4.98479 74.3784 6.31147 52.864 26.839 -1.24634 21.489 0 -0.100543 12.3891 0 1.34844 21.0386 1.0978 2.71126 2.94603 16.539 -12.2222 
1163370000000 19.4915 5.41417 -4.98479 74.3784 6.31147 52.864 26.839 -1.24634 21.489 0 -0.100543 12.3891 0 1.34844 21.0386 1.0978 2.71126 2.94603 16.539 -12.2222 
1163401000000 19.4915 5.41417 -4.98479 74.3784 6.31147 52.864 26.839 -1.24634 21.489 0 -0.100543 12.3891 0 1.34844 21.0386 1.0978 2.71126 2.94603 16.539 -12.2222 
1163439000000 19.4915 5.41417 -4.98479 74.3784 6.31147 52.864 26.839 -1.24634 21.489 0 -0.100543 12.3891 0 1.34844 21.0386 1.0978 2.71126 2.94603 14.821 -12.2222 
1163467000000 19.4915 5.41417 -4.98479 74.3784 6.31147 52.864 26.839 -1.24634 21.489 0 -0.100543 12.3891 0 1.34844 21.0386 1.0978 2.71126 2.94603 16.539 -12.2222 
1163497000000 19.4915 5.41417 -4.98479 74.3784 6.31147 52.864 26.839 -1.24634 21.489 0 -0.100543 12.3891 0 1.34844 21.0386 1.0978 2.71126 2.94603 15.9664 -12.2222 
1163527000000 19.4915 5.41417 -4.98479 74.3784 6.31147 52.864 26.839 -1.24634 21.489 0 -0.100543 12.3891 0 1.34844 21.0386 1.0978 2.71126 2.94603 16.539 -12.2222 
1163560000000 19.4915 5.41417 -4.98479 74.3784 6.31147 52.864 26.839 -1.02039 21.489 0 -0.100543 12.3891 0 1.34844 21.0386 1.0978 2.71126 2.94603 16.539 -12.2222 
1163606000000 19.4915 5.41417 -4.98479 74.3784 6.31147 52.864 26.839 -1.02039 21.489 0 -0.100543 12.3891 0 1.34844 21.0386 1.0978 2.71126 2.94603 16.539 -12.2222 
1163643000000 19.4915 5.41417 -4.98479 74.3784 6.31147 52.864 26.839 -1.02039 21.489 0 -0.100543 12.3891 0 1.34844 21.0386 1.0978 2.71126 2.94603 16.539 -12.2222 
1163686000000 19.4915 5.41417 -4.98479 74.3784 6.31147 52.864 26.839 -1.02039 21.489 0 -0.100543 12.3891 0 1.34844 21.0386 1.0978 2.71126 2.94603 16.539 -12.2222 
1163717000000 19.4915 5.41417 -4.98479 74.3784 6.31147 52.864 26.839 -1.02039 21.489 0 -0.100543 12.3891 0 1.34844 21.0386 1.0978 2.71126 2.94603 16.539 -12.2222 
1163747000000 19.4915 5.41417 -4.98479 74.3784 6.31147 52.864 26.839 -1.02039 21.489 0 -0.100543 12.3891 0 1.34844 21.0386 1.0978 2.71126 2.94603 16.539 -12.2222 
1163778000000 19.4915 5.41417 -4.98479 74.3784 6.31147 52.864 26.839 -1.02039 21.489 0 -0.100543 12.3891 0 1.34844 21.0386 1.0978 2.71126 2.94603 16.539 -12.0472 
1163807000000 19.4915 5.41417 -4.98479 74.3784 6.31147 52.864 26.839 -1.02039 21.489 0 -0.100543 12.3891 0 1.34844 21.0386 1.0978 2.71126 2.94603 16.539 -12.0472 
1163839000000 19.4915 5.41417 -4.98479 74.3784 6.31147 52.864 26.839 -1.02039 21.489 0 -0.100543 12.3891 0 1.34844 21.0386 1.0978 2.71126 2.94603 16.539 -12.0472 
1163870000000 19.4915 5.41417 -5.10183 73.7259 6.31147 52.864 26.839 -1.02039 21.489 0 -0.100543 12.3891 0 1.34844 21.0386 1.0978 2.71126 2.94603 16.539 -12.0472 
1163900000000 19.4915 5.41417 -5.10183 73.7259 6.31147 52.864 26.839 -1.02039 21.489 0 -0.100543 12.3891 0 1.34844 21.0386 1.0978 2.71126 2.94603 16.539 -12.0472 
1163943000000 19.4915 5.41417 -5.10183 73.7259 6.31147 52.864 26.839 -1.02039 21.489 0 -0.100543 12.3891 0 1.34844 21.0386 1.0978 2.71126 2.94603 16.539 -12.0472 
1163982000000 19.4915 5.41417 -5.10183 73.7259 6.31147 52.864 26.839 -1.02039 21.489 0 -0.100543 12.3891 0 1.34844 21.0386 1.0978 2.71126 2.94603 16.539 -12.0472 
1164032000000 19.4915 5.41417 -5.10183 73.7259 6.31147 52.864 26.839 -1.02039 21.489 0 -0.100543 12.3891 0 1.34844 21.0386 1.0978 2.71126 2.94603 16.539 -11.8723 
1164068000000 19.4915 5.41417 -5.10183 73.7259 6.31147 52.864 26.839 -1.02039 21.489 0 -0.0426558 12.3891 0 1.46948 21.0386 1.0978 3.03221 2.94603 14.821 -11.8723 
1164103000000 19.4915 5.41417 -5.10183 73.7259 6.31147 52.864 26.839 -1.02039 21.489 0 -0.0426558 12.3891 0 1.46948 21.0386 1.0978 3.03221 2.94603 16.539 -11.8723 
1164146000000 19.4915 5.41417 -5.10183 73.7259 6.31147 52.864 26.839 -0.794436 21.489 0 -0.0426558 12.3891 0 1.46948 21.0386 1.94995 3.03221 2.94603 16.539 -11.8723 
1164188000000 19.4915 5.41417 -5.10183 73.7259 6.31147 52.864 26.839 -0.794436 21.489 0 -0.0426558 12.3891 0 1.46948 21.0386 1.94995 3.03221 2.94603 16.539 -11.8723 
1164223000000 19.4915 5.41417 -5.10183 73.7259 6.31147 52.864 26.839 -0.794436 21.489 0 -0.0426558 12.3891 0 1.46948 21.0386 1.94995 3.03221 2.94603 16.539 -11.6973 
1164268000000 19.4915 5.41417 -5.10183 73.7259 6.31147 52.864 26.839 -0.794436 21.489 0 -0.0426558 12.3891 0 1.46948 21.0386 1.94995 3.03221 2.94603 16.539 -11.6973 
1164305000000 19.4915 5.41417 -5.10183 73.7259 6.31147 52.864 26.839 -0.794436 21.489 0 -0.0426558 12.3891 0 1.46948 21.0386 1.94995 3.03221 2.94603 16.539 -11.6973 
1164350000000 19.4915 5.41417 -5.10183 73.7259 6.31147 52.864 26.839 -0.794436 21.489 0 -0.0426558 12.3891 0 1.48285 21.0386 1.94995 3.06911 2.94603 16.539 -11.6973 
1164386000000 19.4915 5.41417 -5.10183 73.7259 6.31147 52.864 26.839 -0.794436 21.489 0 -0.0426558 12.3891 0 1.48285 21.0386 1.94995 3.06911 2.94603 16.539 -11.6973 
1164423000000 19.4915 5.41417 -5.10183 73.7259 6.31147 52.864 26.839 -0.794436 21.489 0 -0.0426558 12.3891 0 1.48285 21.0386 1.94995 3.06911 2.94603 16.539 -11.6973 
1164465000000 19.4915 5.41417 -5.10183 73.7259 6.31147 52.864 26.839 -0.794436 21.489 0 -0.0426558 12.3891 0 1.48285 21.0386 1.94995 3.06911 2.94603 16.539 -11.6973 
1164500000000 19.4915 5.41417 -5.10183 73.7259 6.31147 52.864 26.839 -0.794436 21.489 0 -0.0426558 12.3891 0 1.48285 21.0386 1.94995 3.06911 2.94603 16.539 -11.6973 
1164533000000 19.4915 5.41417 -5.10183 73.7259 6.31147 52.864 26.839 -0.794436 21.489 0 -0.0426558 12.3891 0 1.48285 21.0386 1.94995 3.06911 2.94603 16.539 -11.6973 
1164568000000 19.4915 5.41417 -5.10183 73.7259 6.31147 52.864 26.839 -0.568483 21.489 0 -0.0426558 12.3891 0 1.48285 21.0386 1.94995 3.06911 2.94603 16.539 -11.6973 
1164602000000 19.4915 5.41417 -5.10183 73.7259 6.31147 52.864 26.839 -0.568483 21.489 0 -0.0426558 12.3891 0 1.48285 21.0386 1.94995 3.06911 2.94603 16.539 -11.6973 
1164636000000 19.4915 5.41417 -5.10183 73.7259 6.31147 52.864 26.839 -0.568483 21.489 0 -0.0426558 12.3891 0 1.48285 21.0386 1.94995 3.06911 2.94603 16.539 -11.6973 
1164671000000 19.4915 5.41417 -5.10183 73.7259 6.31147 52.864 26.839 -0.568483 21.489 0 0.015231 12.3891 0 1.6039 21.0386 1.94995 3.39006 2.94603 16.539 -11.6973 
1164706000000 19.4915 5.41417 -5.10183 73.7259 6.31147 52.864 26.839 -0.568483 21.489 0 0.015231 12.3891 0 1.6039 21.0386 1.94995 3.39006 2.94603 16.539 -11.5223 
1164743000000 19.4915 5.41417 -5.10183 73.7259 6.31147 52.864 26.839 -0.568483 21.489 0 0.015231 12.3891 0 1.6039 21.0386 1.94995 3.39006 2.94603 16.539 -11.5223 
1164778000000 19.4915 5.41417 -5.10183 73.7259 6.31147 52.864 26.839 -0.568483 21.489 0 0.015231 12.3891 0 1.6039 21.0386 1.94995 3.39006 2.94603 16.539 -11.5223 
1164813000000 19.4915 5.41417 -5.10183 73.7259 6.31147 52.864 26.839 -0.568483 21.489 0 0.015231 12.3891 0 1.6039 21.0386 2.8021 3.39006 2.94603 16.539 -11.5223 
1164850000000 19.4915 5.41417 -5.10183 73.7259 6.31147 52.864 26.839 -0.568483 21.489 0 0.015231 12.3891 0 1.6039 21.0386 2.8021 3.39006 2.94603 16.539 -11.5223 
1164886000000 19.4915 5.41417 -5.10183 73.7259 6.31147 52.864 26.839 -0.568483 21.489 0 0.015231 12.3891 0 1.6039 21.0386 2.8021 3.39006 2.94603 16.539 -11.1724 
1164923000000 19.4915 5.41417 -5.10183 73.7259 6.31147 52.864 26.839 -0.568483 21.489 0 0.015231 12.3891 0 1.6039 21.0386 2.8021 3.39006 2.94603 15.9664 -10.9974 
1164960000000 19.4915 5.41417 -5.10183 73.7259 6.31147 52.864 26.839 -0.568483 21.489 0 0.015231 12.3891 0 1.6039 21.0386 2.8021 3.39006 2.94603 15.9664 -10.9974 
1164997000000 19.4915 5.41417 -5.10183 73.7259 6.31147 52.864 26.839 -0.568483 21.489 0.229008 0.015231 12.3891 0 1.6039 21.0386 2.8021 3.39006 2.94603 15.9664 -10.9974 
1165034000000 19.4915 5.41417 -5.10183 73.7259 6.31147 52.864 26.839 -0.568483 21.489 0.229008 0.015231 12.3891 0.942544 1.6039 21.0386 2.8021 3.39006 2.94603 15.9664 -10.9974 
1165070000000 19.4915 5.41417 -5.10183 73.7259 6.31147 52.864 26.839 -0.568483 21.489 0.229008 0.015231 12.3891 0.942544 1.6039 21.0386 2.8021 3.39006 2.94603 15.9664 -10.9974 
1165109000000 19.4915 5.41417 -5.10183 73.7259 6.31147 52.864 26.839 -0.568483 21.489 0.229008 0.015231 12.3891 0.942544 1.6039 21.0386 2.8021 3.39006 2.94603 15.9664 -10.9974 
1165147000000 19.4915 5.41417 -5.10183 73.7259 6.31147 52.864 26.839 -0.568483 21.489 0.229008 0.015231 12.3891 0.942544 1.6039 21.0386 2.8021 3.39006 2.94603 15.9664 -10.9974 
1165184000000 19.4915 5.41417 -5.10183 73.7259 6.31147 52.864 26.839 -0.568483 21.489 0.229008 0.015231 12.3891 0.942544 1.6039 21.0386 2.8021 3.39006 2.94603 15.3937 -10.9974 
1165222000000 19.4915 4.91053 -5.24861 73.7259 6.31147 51.5602 26.839 -0.568483 21.489 0.229008 0.0731177 12.3891 0.942544 1.72494 21.0386 2.8021 3.71101 2.94603 15.3937 -10.9974 
1165260000000 19.4915 4.91053 -5.24861 73.7259 6.31147 51.5602 26.839 -1.02039 21.489 0.229008 0.0731177 12.3891 0.942544 1.72494 21.0386 2.8021 3.71101 2.94603 15.3937 -10.9974 
