#time#THJ1#THJ2#THJ3#THJ4#THJ5#FFJ0#FFJ3#FFJ4#MFJ0#MFJ3#MFJ4#RFJ0#RFJ3#RFJ4#LFJ0#LFJ3#LFJ4#LFJ5#WRJ1#WRJ2
1335636000000 32.1027 31.6032 -3.67293 39.1398 -4.99452 146.732 82.6015 1.23914 129.591 83.3322 0.420439 132.019 144.029 2.74548 164.382 70.9742 6.44857 2.94603 -0.640658 0.376203 
1335677000000 32.1027 31.6032 -3.67293 39.1398 -4.99452 146.732 82.6015 1.23914 129.591 83.3322 0.420439 132.019 144.029 2.74548 164.382 70.9742 6.44857 2.94603 -0.640658 0.376203 
1335717000000 32.1027 31.6032 -3.67293 39.1398 -4.99452 146.732 82.6015 1.23914 129.591 83.3322 0.420439 132.019 144.029 2.74548 164.382 70.9742 6.44857 2.94603 -1.78597 0.376203 
1335758000000 32.1027 31.6032 -3.67293 39.1398 -4.77283 146.732 82.6015 1.23914 129.591 83.3322 0.420439 132.019 144.029 2.74548 164.382 70.9742 6.44857 2.94603 -0.0680022 0.376203 
1335797000000 32.1027 31.6032 -3.67293 39.1398 -4.77283 146.732 82.6015 1.23914 129.591 83.3322 0.420439 132.019 144.029 2.74548 164.382 70.9742 6.44857 2.94603 -0.640658 0.376203 
1335801000000 32.1027 31.6032 -3.67293 39.1398 -4.77283 146.732 82.6015 1.23914 129.591 83.3322 0.420439 132.019 144.029 2.74548 164.382 70.9742 6.44857 2.94603 -0.640658 0.376203 
1335838000000 32.1027 31.6032 -3.67293 39.1398 -4.77283 146.732 82.6015 1.23914 129.591 83.3322 0.420439 132.019 144.029 2.74548 164.382 70.9742 6.44857 2.94603 -0.0680022 0.376203 
1335852000000 32.1027 31.6032 -3.67293 39.1398 -4.77283 146.732 82.6015 1.23914 129.591 83.3322 0.420439 132.019 144.029 2.74548 164.382 70.9742 6.44857 2.94603 -0.0680022 0.376203 
1335900000000 32.1027 31.6032 -3.67293 39.1398 -4.77283 146.732 82.6015 1.23914 129.591 83.3322 0.420439 132.019 144.029 2.74548 164.382 70.9742 6.44857 2.94603 -0.0680022 0.376203 
1335941000000 32.1027 31.6032 -3.67293 39.1398 -4.77283 146.732 82.6015 1.23914 129.591 83.3322 0.420439 132.019 144.029 2.74548 164.382 70.9742 6.44857 2.94603 -0.0680022 0.376203 
1335980000000 32.1027 31.6032 -3.67293 39.1398 -4.77283 146.732 82.6015 1.23914 129.591 83.3322 0.420439 132.019 144.029 2.74548 164.382 70.9742 6.44857 2.94603 -4.64925 0.376203 
1336020000000 32.1027 31.6032 -3.67293 39.1398 -4.99452 146.732 82.6015 1.23914 129.591 83.3322 0.420439 132.019 144.029 2.74548 164.382 70.9742 6.44857 2.94603 -0.640658 0.376203 
1336061000000 32.1027 31.6032 -3.67293 39.1398 -4.99452 146.732 82.6015 1.23914 129.591 83.3322 0.420439 132.019 144.029 2.74548 164.382 70.9742 6.44857 2.94603 -0.640658 0.376203 
1336100000000 32.1027 31.6032 -3.67293 39.1398 -4.99452 146.732 82.6015 1.23914 129.591 83.3322 0.420439 132.019 144.029 2.74548 164.382 70.9742 6.44857 2.94603 -0.0680022 0.376203 
1336139000000 32.1027 31.6032 -3.67293 39.1398 -4.99452 146.732 82.6015 1.23914 129.591 83.3322 0.420439 132.019 144.029 2.74548 164.382 70.9742 6.44857 2.94603 -0.0680022 0.0262468 
1336181000000 32.1027 31.6032 -3.67293 39.1398 -4.99452 146.732 82.6015 1.23914 129.591 83.3322 0.420439 132.019 144.029 2.74548 164.382 70.9742 6.44857 2.94603 -0.0680022 0.0262468 
1336188000000 32.1027 31.6032 -3.67293 39.1398 -4.99452 146.732 82.6015 1.23914 129.591 83.3322 0.420439 132.019 144.029 2.74548 164.382 70.9742 6.44857 2.94603 -0.0680022 0.0262468 
1336221000000 32.1027 31.6032 -3.67293 39.1398 -4.99452 146.732 82.6015 1.23914 129.591 83.3322 0.420439 132.019 144.029 2.74548 164.382 70.9742 6.44857 2.94603 -0.0680022 0.0262468 
1336236000000 32.1027 31.6032 -3.67293 39.1398 -4.77283 146.732 82.6015 1.23914 129.591 83.3322 0.420439 132.019 144.029 2.74548 164.382 70.9742 6.44857 2.94603 -0.0680022 0.0262468 
1336282000000 32.1027 31.6032 -3.67293 39.1398 -4.77283 146.732 82.6015 1.23914 129.591 83.3322 0.420439 130.628 144.029 2.74548 164.382 70.9742 6.44857 2.94603 -1.78597 0.0262468 
1336316000000 32.1027 31.6032 -3.67293 39.1398 -4.77283 146.732 82.6015 1.23914 129.591 83.3322 0.420439 130.628 144.029 2.74548 164.382 70.9742 6.44857 2.94603 -0.0680022 0.0262468 
1336353000000 32.1027 31.6032 -3.67293 39.1398 -4.77283 146.732 82.6015 1.23914 129.591 83.3322 0.420439 130.628 144.029 2.74548 164.382 70.9742 6.44857 2.94603 -0.0680022 0.0262468 
1336393000000 32.1027 31.6032 -3.67293 39.1398 -4.77283 146.732 82.6015 1.23914 129.591 83.3322 0.420439 130.628 144.029 2.74548 164.382 70.9742 6.44857 2.94603 -0.0680022 0.0262468 
1336436000000 32.1027 31.6032 -3.67293 39.1398 -4.77283 146.732 82.6015 1.23914 129.591 83.3322 0.420439 130.628 144.029 2.74548 164.382 70.9742 6.44857 2.94603 -0.0680022 0.0262468 
1336477000000 32.1027 31.6032 -3.67293 39.1398 -4.77283 146.732 82.6015 1.23914 127.241 83.3322 0.420439 125.064 144.029 2.74548 164.382 70.9742 6.44857 2.94603 -0.0680022 -0.323709 
1336515000000 32.1027 31.6032 -3.43884 40.4449 -4.32946 146.732 81.7567 1.23914 123.716 83.3322 0.420439 119.499 144.029 2.74548 162.99 70.9742 6.44857 2.94603 -0.0680022 -0.848644 
1336552000000 31.6824 31.6032 -3.3218 41.0975 -3.6644 144.125 80.0669 1.46509 122.541 83.3322 0.420439 118.108 144.029 2.74548 162.99 70.9742 6.44857 2.94603 -0.0680022 -1.1986 
1336595000000 30.4212 29.0851 -3.58749 43.7077 -2.55597 136.303 71.618 1.46509 116.666 80.9912 0.304665 111.153 133.162 2.44989 158.815 69.2699 5.65906 2.94603 -0.0680022 -2.24847 
1336636000000 27.899 25.5596 -4.02969 46.9706 -2.33428 127.176 63.1691 1.46509 109.616 72.798 0.131004 104.198 120.483 2.03326 149.073 65.8612 4.54861 2.94603 -1.21332 -3.64829 
1336666000000 25.7971 23.0414 -4.29538 49.5809 -2.1126 120.658 55.5651 1.01319 104.916 63.4342 -0.158429 98.6337 104.182 1.36116 137.94 60.7483 2.75935 2.94603 1.07731 -5.2231 
1336717000000 23.6952 21.5305 -4.15048 52.8437 -1.66923 106.317 47.1163 -0.568483 95.5155 52.9 -0.389976 91.6785 77.0139 0.810104 129.59 46.2618 1.29105 2.94603 1.64996 -9.59755 
1336759000000 21.5934 19.516 -4.03531 56.7591 -0.782482 81.546 36.1327 -3.27992 76.7152 38.8544 -0.389976 79.1591 51.6568 0.756597 114.281 32.6274 1.14343 2.94603 4.51324 -13.972 
1336797000000 19.4915 18.0051 -3.89042 60.0219 0.104261 61.9901 29.3737 -4.86159 59.0898 24.8088 -0.389976 65.2487 37.167 0.716468 97.5812 25.8102 1.03272 2.94603 7.37652 -16.4217 
1336835000000 16.5489 15.9905 -3.65821 64.5899 1.43438 43.7379 20.0799 -7.12112 41.4644 6.08135 -0.563637 45.7741 17.2435 0.299833 72.5309 18.1408 -0.0777326 2.94603 10.8125 -18.3465 
1336879000000 15.2877 14.4796 -3.63035 67.2002 2.32112 34.6118 15.0106 -8.25088 33.2393 0 -0.621523 36.0368 4.56499 0.165413 58.6141 12.1758 -0.435583 2.94603 13.1031 -19.2213 
1336919000000 14.447 13.4723 -3.68981 68.5053 2.98618 29.3969 11.631 -9.15469 27.3642 0 -0.737297 29.0816 0 -0.0900489 48.8723 7.91501 -1.11438 2.94603 15.9664 -20.4462 
1336955000000 12.7655 11.4578 -3.69169 71.7682 4.09461 21.5745 6.5617 -10.9623 21.489 0 -1.02673 19.3443 0 -0.708641 32.1721 0 -2.75602 2.94603 19.4023 -21.671 
1336999000000 12.3451 9.94689 -3.89792 73.0733 4.53798 18.9671 4.02704 -11.8661 19.139 0 -1.1425 15.1712 0 -0.964103 23.822 0 -3.43481 2.94603 20.5476 -22.196 
1337039000000 11.9247 8.93962 -4.07443 73.7259 4.75967 17.6633 3.18215 -12.544 17.964 0 -1.31616 10.9981 0 -1.32723 19.6469 0 -4.39765 2.94603 22.8382 -22.8959 
1337051000000 12.3451 8.43598 -4.10415 74.3784 5.20304 17.6633 3.18215 -12.9959 17.964 0 -1.43194 8.21598 0 -1.59607 15.4719 0 -5.11335 2.94603 23.9835 -23.2458 
1337079000000 12.3451 8.93962 -3.84034 75.031 5.20304 17.6633 3.18215 -13.4478 16.789 0 -1.48983 6.82494 0 -1.71711 14.0802 0 -5.4343 2.94603 25.1288 -23.5958 
1337088000000 13.1859 9.44325 -3.45948 76.3361 5.42472 17.6633 5.71681 -13.6737 16.789 0 -1.54771 5.4339 0 -1.83816 12.6885 0 -5.75525 2.94603 26.2742 -23.4208 
1337132000000 14.447 11.4578 -2.75534 76.9887 5.64641 24.182 9.09636 -13.4478 16.789 0 -1.54771 5.4339 0 -1.83816 11.2968 0 -5.75525 2.94603 24.5562 -23.2458 
1337168000000 16.1285 11.9614 -2.60857 76.9887 5.8681 29.3969 11.631 -12.7699 16.789 0 -1.54771 5.4339 0 -1.83816 11.2968 0 -5.75525 2.94603 26.2742 -23.2458 
1337209000000 16.9692 12.9687 -2.31503 76.9887 6.08978 33.3081 14.1657 -12.544 16.789 0 -1.54771 5.4339 0 -1.83816 11.2968 0 -5.75525 2.94603 26.8468 -23.2458 
1337248000000 18.2304 13.4723 -2.16825 76.9887 6.31147 37.2193 16.7003 -11.8661 16.789 0 -1.43194 5.4339 0 -1.59607 11.2968 0 -5.11335 2.94603 26.2742 -23.2458 
1337288000000 18.6507 14.4796 -1.87471 76.9887 6.53315 43.7379 20.0799 -11.1883 16.789 0 -1.31616 5.4339 0 -1.35399 11.2968 0 -4.47146 2.94603 24.5562 -22.7209 
1337330000000 19.0711 15.4869 -1.81525 75.6836 6.75484 50.2565 25.1492 -10.5104 19.139 0 -1.25828 5.4339 0 -1.20619 11.2968 0 -4.07671 2.94603 21.6929 -22.021 
1337340000000 19.0711 15.9905 -1.78552 75.031 7.19821 54.1677 27.6839 -10.0585 19.139 0 -1.25828 8.21598 0 -1.20619 11.2968 0 -4.07671 2.94603 22.2656 -21.4961 
1337368000000 19.0711 15.9905 -1.78552 75.031 7.4199 59.3826 31.0634 -9.6066 19.139 0 -1.1425 8.21598 0 -0.964103 11.2968 0 -3.43481 2.94603 21.6929 -20.9711 
1337407000000 19.0711 15.9905 -1.90256 74.3784 7.86327 63.2938 32.7532 -9.15469 19.139 0 -1.08462 9.60702 0 -0.84306 11.2968 0 -3.11387 2.94603 20.5476 -20.7962 
1337437000000 19.9119 15.9905 -2.01961 73.7259 8.08495 64.5975 33.5981 -8.70279 19.139 0 -1.02673 10.9981 0 -0.722017 11.2968 0 -2.79292 2.94603 20.5476 -20.7962 
1337480000000 19.9119 14.9832 -2.31315 73.7259 8.08495 65.9012 33.5981 -8.25088 21.489 0 -1.02673 10.9981 0 -0.722017 11.2968 0 -2.79292 2.94603 20.5476 -20.6212 
1337520000000 19.9119 14.4796 -2.45992 73.7259 8.30664 65.9012 34.443 -8.25088 21.489 0 -0.968844 10.9981 0 -0.600974 11.2968 0 -2.47198 2.94603 20.5476 -20.4462 
1337561000000 20.3322 13.976 -2.6067 73.7259 8.52833 65.9012 36.1327 -7.57302 21.489 0 -0.910957 10.9981 0 -0.479931 11.2968 0 -2.15103 2.94603 18.8296 -20.2712 
1337571000000 20.7526 13.4723 -2.75347 73.7259 8.52833 65.9012 36.1327 -7.34707 21.489 0 -0.85307 10.9981 0 -0.358888 11.2968 0 -1.83008 2.94603 19.9749 -20.0962 
1337603000000 20.7526 13.4723 -2.75347 73.7259 8.75001 65.9012 36.9776 -7.34707 21.489 0 -0.85307 10.9981 0 -0.358888 11.2968 0 -1.83008 2.94603 19.9749 -19.9213 
1337650000000 20.7526 12.9687 -2.90024 73.7259 8.75001 65.9012 38.6674 -7.12112 21.489 0 -0.795184 13.7801 0 -0.237845 11.2968 0 -1.50913 2.94603 19.4023 -19.3963 
1337701000000 20.7526 12.4651 -3.16406 73.0733 8.9717 63.2938 38.6674 -6.89516 21.489 0 -0.737297 13.7801 0 -0.116802 12.6885 0 -1.18819 2.94603 19.4023 -19.2213 
1337753000000 20.7526 12.4651 -3.16406 73.0733 8.9717 63.2938 39.5123 -6.66921 21.489 0 -0.67941 13.7801 0 0.004241 12.6885 0 -0.867241 2.94603 18.8296 -18.8714 
1337801000000 20.7526 12.4651 -3.16406 73.0733 8.9717 61.9901 40.3572 -6.44326 22.6641 0.229008 -0.621523 13.7801 0 0.13866 12.6885 0 -0.509391 2.94603 18.8296 -18.6964 
1337857000000 20.7526 12.4651 -3.16406 73.0733 8.9717 61.9901 41.2021 -6.44326 22.6641 1.39947 -0.621523 13.7801 0 0.13866 12.6885 0 -0.509391 2.94603 18.8296 -18.1715 
1337898000000 20.7526 12.4651 -3.16406 73.0733 8.9717 60.6863 41.2021 -6.2173 22.6641 2.56995 -0.563637 13.7801 0 0.259703 12.6885 0 -0.188444 2.94603 18.8296 -17.8215 
1337931000000 20.7526 12.4651 -3.16406 73.0733 8.9717 60.6863 42.047 -5.99135 22.6641 2.56995 -0.50575 13.7801 0 0.380746 12.6885 0 0.132502 2.94603 18.8296 -17.8215 
1337971000000 21.173 12.4651 -3.16406 73.0733 8.9717 60.6863 42.047 -5.99135 22.6641 2.56995 -0.50575 13.7801 0 0.380746 14.0802 0 0.132502 2.94603 18.8296 -17.6465 
1338018000000 21.173 12.4651 -3.2811 72.4207 8.9717 60.6863 42.047 -5.99135 22.6641 2.56995 -0.50575 15.1712 0 0.407499 14.0802 0 0.20631 2.94603 16.539 -17.4716 
1338052000000 21.173 12.4651 -3.2811 72.4207 8.9717 60.6863 42.047 -5.99135 22.6641 2.56995 -0.50575 15.1712 0 0.407499 14.0802 0 0.20631 2.94603 17.6843 -17.4716 
1338092000000 21.173 12.4651 -3.2811 72.4207 8.9717 60.6863 42.047 -5.99135 22.6641 2.56995 -0.50575 15.1712 0 0.407499 14.0802 0 0.20631 2.94603 16.539 -17.4716 
1338133000000 21.173 12.4651 -3.2811 72.4207 8.9717 60.6863 42.047 -5.53945 22.6641 3.74042 -0.50575 15.1712 0 0.407499 14.0802 0 0.20631 2.94603 17.6843 -17.4716 
1338172000000 21.5934 12.4651 -3.2811 72.4207 8.9717 60.6863 42.047 -5.53945 23.8391 3.74042 -0.389976 15.1712 0 0.649585 15.4719 0 0.848203 2.94603 17.6843 -16.9466 
1338212000000 21.5934 12.4651 -3.2811 72.4207 8.9717 60.6863 42.047 -5.31349 23.8391 3.74042 -0.389976 15.1712 0 0.649585 15.4719 0 0.848203 2.94603 15.9664 -16.9466 
1338253000000 21.5934 12.4651 -3.2811 72.4207 8.9717 60.6863 42.047 -5.31349 23.8391 6.08135 -0.33209 15.1712 0 0.770628 15.4719 0 1.16915 2.94603 17.1117 -16.9466 
1338293000000 21.5934 12.4651 -3.2811 72.4207 8.9717 60.6863 42.047 -5.31349 23.8391 6.08135 -0.33209 15.1712 0.942544 0.770628 15.4719 0 1.16915 2.94603 17.1117 -16.9466 
1338331000000 21.5934 12.4651 -3.39814 71.7682 8.9717 60.6863 42.047 -5.31349 23.8391 6.08135 -0.33209 15.1712 0.942544 0.784005 15.4719 0 1.20605 2.94603 17.1117 -16.9466 
1338370000000 21.5934 12.4651 -3.39814 71.7682 8.9717 60.6863 42.047 -5.31349 23.8391 6.08135 -0.33209 15.1712 0.942544 0.784005 16.8636 0 1.20605 2.94603 17.1117 -16.5967 
1338419000000 21.5934 12.4651 -3.39814 71.7682 8.75001 60.6863 42.047 -4.86159 23.8391 6.08135 -0.33209 15.1712 0.942544 0.784005 16.8636 0 1.20605 2.94603 15.9664 -16.4217 
1338452000000 21.5934 12.4651 -3.39814 71.7682 8.75001 60.6863 42.047 -4.86159 23.8391 6.08135 -0.33209 15.1712 0.942544 0.784005 16.8636 0 1.20605 2.94603 17.1117 -16.4217 
1338492000000 21.5934 12.4651 -3.39814 71.7682 8.75001 60.6863 42.047 -4.63563 23.8391 6.08135 -0.216316 15.1712 0.942544 1.02609 16.8636 0.245651 1.84795 2.94603 14.821 -16.0717 
1338533000000 21.5934 12.4651 -3.39814 71.7682 8.75001 60.6863 42.047 -4.40968 23.8391 8.42228 -0.216316 16.5622 0.942544 1.02609 16.8636 0.245651 1.84795 2.94603 16.539 -15.8968 
1338573000000 21.5934 12.4651 -3.39814 71.7682 8.75001 60.6863 42.047 -4.40968 23.8391 8.42228 -0.158429 16.5622 0.942544 1.16051 16.8636 0.245651 2.2058 2.94603 15.9664 -15.8968 
1338613000000 21.5934 12.4651 -3.39814 71.7682 8.75001 59.3826 42.047 -4.40968 23.8391 9.59275 -0.158429 16.5622 2.75377 1.16051 16.8636 0.245651 2.2058 2.94603 15.9664 -15.7218 
1338654000000 21.5934 12.4651 -3.39814 71.7682 8.75001 59.3826 43.7367 -4.40968 23.8391 9.59275 -0.158429 16.5622 2.75377 1.16051 18.2552 0.245651 2.2058 2.94603 15.9664 -15.5468 
1338694000000 21.5934 12.4651 -3.39814 71.7682 8.75001 59.3826 43.7367 -4.40968 23.8391 9.59275 -0.158429 16.5622 2.75377 1.16051 18.2552 0.245651 2.2058 2.94603 15.9664 -15.3718 
1338734000000 21.5934 12.4651 -3.39814 71.7682 8.75001 59.3826 43.7367 -4.40968 23.8391 9.59275 -0.158429 16.5622 2.75377 1.16051 18.2552 0.245651 2.2058 2.94603 15.9664 -15.1969 
1338775000000 21.5934 12.4651 -3.39814 71.7682 8.75001 59.3826 43.7367 -4.40968 25.0141 9.59275 -0.158429 16.5622 2.75377 1.16051 18.2552 0.245651 2.2058 2.94603 15.9664 -15.1969 
1338819000000 21.5934 12.4651 -3.39814 71.7682 8.75001 59.3826 43.7367 -4.18373 25.0141 9.59275 -0.158429 16.5622 2.75377 1.16051 18.2552 1.0978 2.2058 2.94603 15.9664 -15.1969 
1338853000000 21.5934 12.4651 -3.39814 71.7682 8.75001 58.0789 43.7367 -4.18373 25.0141 9.59275 -0.100543 16.5622 2.75377 1.29493 18.2552 1.0978 2.56365 2.94603 14.2484 -15.1969 
1338896000000 21.5934 12.4651 -3.39814 71.7682 8.75001 58.0789 43.7367 -4.18373 25.0141 9.59275 -0.100543 16.5622 2.75377 1.29493 18.2552 1.0978 2.56365 2.94603 15.3937 -15.1969 
1338935000000 21.5934 12.4651 -3.39814 71.7682 8.75001 58.0789 43.7367 -4.18373 25.0141 9.59275 -0.100543 16.5622 2.75377 1.29493 18.2552 1.0978 2.56365 2.94603 15.3937 -15.1969 
1338973000000 21.5934 12.4651 -3.39814 71.7682 8.75001 58.0789 43.7367 -4.18373 25.0141 9.59275 -0.100543 16.5622 2.75377 1.29493 18.2552 1.0978 2.56365 2.94603 15.3937 -15.1969 
1339014000000 21.5934 12.4651 -3.39814 71.7682 8.75001 58.0789 43.7367 -4.18373 25.0141 9.59275 -0.100543 16.5622 2.75377 1.29493 18.2552 1.0978 2.56365 2.94603 15.3937 -15.1969 
1339056000000 21.5934 12.9687 -3.25137 71.7682 8.75001 58.0789 43.7367 -4.18373 25.0141 9.59275 -0.100543 16.5622 2.75377 1.29493 18.2552 1.0978 2.56365 2.94603 15.3937 -15.1969 
1339095000000 21.5934 12.9687 -3.25137 71.7682 8.75001 58.0789 43.7367 -4.18373 25.0141 9.59275 -0.100543 16.5622 2.75377 1.29493 18.2552 1.0978 2.56365 2.94603 15.3937 -15.1969 
1339136000000 21.5934 12.9687 -3.25137 71.7682 8.75001 58.0789 43.7367 -4.18373 25.0141 9.59275 -0.100543 16.5622 2.75377 1.29493 18.2552 1.0978 2.56365 2.94603 15.3937 -15.1969 
1339176000000 21.5934 12.9687 -3.36841 71.1156 8.75001 58.0789 43.7367 -4.18373 25.0141 9.59275 -0.100543 16.5622 4.56499 1.29493 18.2552 1.0978 2.56365 2.94603 15.3937 -15.1969 
1339216000000 21.5934 12.9687 -3.36841 71.1156 8.75001 58.0789 43.7367 -4.18373 25.0141 9.59275 -0.100543 16.5622 4.56499 1.29493 18.2552 1.0978 2.56365 2.94603 15.3937 -15.1969 
