#time#THJ1#THJ2#THJ3#THJ4#THJ5#FFJ0#FFJ3#FFJ4#MFJ0#MFJ3#MFJ4#RFJ0#RFJ3#RFJ4#LFJ0#LFJ3#LFJ4#LFJ5#WRJ1#WRJ2
416124000000 26.6379 26.0632 -4.23404 45.0129 -2.33428 145.429 75.8424 0.335328 130.766 84.5026 -1.43194 133.41 176.631 -1.24828 149.073 85.4607 -4.15385 2.94603 -9.80315 -0.673666 
416167000000 26.6379 26.0632 -4.23404 45.0129 -2.33428 145.429 75.8424 0.335328 130.766 84.5026 -1.43194 133.41 176.631 -1.24828 149.073 85.4607 -4.15385 2.94603 -9.80315 -0.673666 
416207000000 26.6379 26.0632 -4.23404 45.0129 -2.33428 145.429 75.8424 0.335328 130.766 84.5026 -1.43194 133.41 176.631 -1.24828 149.073 85.4607 -4.15385 2.94603 -10.3758 -0.673666 
416248000000 26.6379 26.0632 -4.23404 45.0129 -2.33428 145.429 75.8424 0.335328 130.766 84.5026 -1.43194 133.41 176.631 -1.24828 149.073 85.4607 -4.15385 2.94603 -10.3758 -0.673666 
416285000000 26.6379 26.0632 -4.23404 45.0129 -2.33428 145.429 75.8424 0.335328 130.766 84.5026 -1.43194 133.41 176.631 -1.24828 149.073 85.4607 -4.15385 2.94603 -10.3758 -0.498688 
416289000000 26.6379 26.0632 -4.23404 45.0129 -2.33428 145.429 75.8424 0.335328 130.766 84.5026 -1.43194 133.41 176.631 -1.24828 149.073 85.4607 -4.15385 2.94603 -10.3758 -0.498688 
416328000000 26.6379 26.0632 -4.23404 45.0129 -2.33428 145.429 75.8424 0.335328 130.766 84.5026 -1.43194 133.41 176.631 -1.24828 149.073 85.4607 -4.15385 2.94603 -10.3758 -0.498688 
416330000000 26.6379 26.0632 -4.23404 45.0129 -2.33428 145.429 75.8424 0.335328 130.766 84.5026 -1.43194 133.41 176.631 -1.24828 149.073 85.4607 -4.15385 2.94603 -12.0938 -0.498688 
416368000000 26.6379 26.0632 -4.23404 45.0129 -2.33428 145.429 75.8424 0.335328 130.766 84.5026 -1.43194 133.41 176.631 -1.24828 149.073 85.4607 -4.15385 2.94603 -10.3758 -0.498688 
416390000000 26.6379 26.0632 -4.23404 45.0129 -2.33428 145.429 75.8424 0.335328 130.766 84.5026 -1.43194 133.41 176.631 -1.24828 149.073 85.4607 -4.15385 2.94603 -10.3758 -0.498688 
416431000000 26.6379 26.0632 -4.23404 45.0129 -2.33428 145.429 75.8424 0.335328 130.766 84.5026 -1.43194 133.41 176.631 -1.24828 149.073 85.4607 -4.15385 2.94603 -10.3758 -0.498688 
416481000000 26.6379 26.0632 -4.23404 45.0129 -2.33428 145.429 75.8424 0.335328 130.766 84.5026 -1.43194 133.41 176.631 -1.24828 149.073 85.4607 -4.15385 2.94603 -10.3758 -0.498688 
416531000000 26.6379 26.0632 -4.23404 45.0129 -2.33428 145.429 75.8424 0.335328 130.766 84.5026 -1.43194 133.41 176.631 -1.24828 149.073 85.4607 -4.15385 2.94603 -10.3758 -0.498688 
416582000000 26.6379 26.0632 -4.23404 45.0129 -2.33428 145.429 76.6873 0.335328 130.766 84.5026 -1.43194 133.41 176.631 -1.24828 149.073 85.4607 -4.15385 2.94603 -10.3758 -0.498688 
416628000000 26.6379 26.0632 -4.23404 45.0129 -2.33428 145.429 76.6873 0.335328 130.766 84.5026 -1.43194 133.41 176.631 -1.24828 149.073 85.4607 -4.15385 2.94603 -10.3758 -0.498688 
416680000000 26.6379 26.0632 -4.23404 45.0129 -2.33428 145.429 76.6873 0.335328 130.766 84.5026 -1.43194 133.41 176.631 -1.24828 149.073 85.4607 -4.15385 2.94603 -10.3758 -0.498688 
416732000000 26.6379 26.0632 -4.23404 45.0129 -2.33428 145.429 76.6873 0.335328 130.766 84.5026 -1.43194 133.41 176.631 -1.24828 149.073 85.4607 -4.15385 2.94603 -10.3758 -0.498688 
416780000000 26.6379 26.0632 -4.23404 45.0129 -2.33428 145.429 76.6873 0.335328 130.766 84.5026 -1.43194 133.41 176.631 -1.24828 149.073 85.4607 -4.15385 2.94603 -10.3758 -0.498688 
416831000000 26.6379 26.0632 -4.23404 45.0129 -2.33428 145.429 76.6873 0.335328 130.766 84.5026 -1.43194 133.41 176.631 -1.24828 149.073 85.4607 -4.15385 2.94603 -10.3758 -0.498688 
416886000000 26.6379 26.0632 -4.23404 45.0129 -2.33428 145.429 76.6873 0.335328 130.766 84.5026 -1.43194 133.41 176.631 -1.24828 149.073 85.4607 -4.15385 2.94603 -10.3758 -0.498688 
416933000000 26.6379 26.0632 -4.23404 45.0129 -2.33428 145.429 76.6873 0.335328 130.766 84.5026 -1.43194 133.41 176.631 -1.24828 149.073 85.4607 -4.15385 2.94603 -10.3758 -0.498688 
416986000000 26.6379 26.0632 -4.23404 45.0129 -2.33428 145.429 76.6873 0.335328 130.766 84.5026 -1.43194 133.41 176.631 -1.24828 149.073 85.4607 -4.15385 2.94603 -10.3758 -0.498688 
417025000000 26.6379 26.0632 -4.23404 45.0129 -2.33428 145.429 76.6873 0.335328 130.766 84.5026 -1.43194 133.41 176.631 -1.24828 149.073 85.4607 -4.15385 2.94603 -10.3758 -0.498688 
417066000000 26.6379 26.0632 -4.23404 45.0129 -2.33428 145.429 76.6873 0.335328 130.766 84.5026 -1.43194 133.41 176.631 -1.24828 149.073 85.4607 -4.15385 2.94603 -10.3758 -0.498688 
417107000000 26.6379 26.0632 -4.23404 45.0129 -2.33428 145.429 76.6873 0.335328 130.766 84.5026 -1.43194 133.41 176.631 -1.24828 149.073 85.4607 -4.15385 2.94603 -10.3758 -0.498688 
417145000000 26.6379 26.0632 -4.23404 45.0129 -2.33428 145.429 76.6873 0.335328 130.766 84.5026 -1.43194 133.41 176.631 -1.24828 149.073 85.4607 -4.15385 2.94603 -10.3758 -0.498688 
417184000000 26.6379 26.0632 -4.23404 45.0129 -2.33428 145.429 76.6873 0.335328 130.766 84.5026 -1.43194 133.41 176.631 -1.24828 149.073 85.4607 -4.15385 2.94603 -10.3758 -0.498688 
417225000000 26.6379 26.0632 -4.23404 45.0129 -2.33428 145.429 76.6873 0.335328 130.766 84.5026 -1.43194 133.41 176.631 -1.24828 149.073 85.4607 -4.15385 2.94603 -10.3758 -0.498688 
417265000000 26.6379 26.0632 -4.23404 45.0129 -2.33428 145.429 76.6873 0.335328 130.766 84.5026 -1.43194 133.41 176.631 -1.24828 149.073 85.4607 -4.15385 2.94603 -10.3758 -0.498688 
417303000000 26.6379 26.0632 -4.23404 45.0129 -2.33428 145.429 76.6873 0.335328 130.766 84.5026 -1.43194 133.41 176.631 -1.24828 149.073 85.4607 -4.15385 2.94603 -10.3758 -0.498688 
417349000000 26.6379 26.0632 -4.23404 45.0129 -2.33428 145.429 76.6873 0.335328 130.766 84.5026 -1.43194 133.41 176.631 -1.24828 149.073 85.4607 -4.15385 2.94603 -9.23049 -1.02362 
417384000000 26.6379 26.0632 -4.23404 45.0129 -2.33428 145.429 76.6873 0.335328 130.766 84.5026 -1.43194 130.628 176.631 -1.24828 149.073 85.4607 -4.15385 2.94603 -9.23049 -1.02362 
417424000000 26.6379 26.0632 -3.99996 46.318 -1.89091 145.429 74.9976 0.335328 128.416 84.5026 -1.43194 129.237 176.631 -1.24828 149.073 85.4607 -4.15385 2.94603 -9.23049 -1.02362 
417467000000 25.7971 26.0632 -3.88291 46.9706 -1.44754 142.821 74.1527 0.335328 127.241 84.5026 -1.43194 123.672 176.631 -1.24828 146.29 85.4607 -4.15385 2.94603 -9.80315 -1.1986 
417507000000 25.3767 26.0632 -3.64883 48.2757 -1.22586 141.517 71.618 0.335328 126.066 82.1617 -1.43194 122.281 173.009 -1.27503 143.507 83.7564 -4.22766 2.94603 -10.3758 -1.1986 
417547000000 24.9564 24.5523 -3.97211 48.9283 -0.782482 138.91 69.0833 0.787234 123.716 79.8208 -1.54771 120.89 169.386 -1.51712 142.115 82.0521 -4.86955 2.94603 -10.3758 -1.37358 
417587000000 23.6952 23.5451 -3.91452 50.886 -0.33911 133.695 64.8589 0.787234 120.191 75.1389 -1.72137 118.108 160.33 -1.907 137.94 79.4957 -5.9062 2.94603 -10.3758 -1.89851 
417631000000 22.4341 22.0341 -4.00371 52.8437 0.104261 125.873 60.6345 0.787234 114.316 70.457 -1.83715 112.544 153.085 -2.17584 130.982 76.9392 -6.6219 2.94603 -10.3758 -2.59843 
417667000000 19.4915 19.0123 -3.83096 58.7168 0.991005 110.228 51.3407 -0.116577 100.216 61.0933 -2.01081 100.025 136.784 -2.60585 115.673 71.8263 -7.76926 2.94603 -9.23049 -3.82327 
417711000000 18.2304 17.5014 -3.80311 61.3271 1.43438 94.5832 47.1163 -0.794436 88.4654 58.7523 -2.06869 90.2875 129.539 -2.75365 107.323 69.2699 -8.16402 2.94603 -7.51253 -4.52318 
417722000000 16.9692 16.4942 -3.74552 63.2848 1.87775 78.9385 43.7367 -1.9242 76.7152 55.2409 -2.12658 80.5502 122.294 -2.88807 100.365 67.5656 -8.52187 2.94603 -6.36722 -5.39808 
417750000000 15.7081 14.9832 -3.95175 64.5899 2.32112 60.6863 41.2021 -2.82801 67.315 52.9 -2.12658 72.2039 115.05 -2.90144 93.4061 65.0091 -8.55877 2.94603 -5.2219 -6.27297 
417761000000 14.447 13.976 -4.01121 65.8951 2.54281 47.6491 38.6674 -3.50587 59.0898 50.5591 -2.01081 66.6398 104.182 -2.69949 86.4477 60.7483 -8.02759 2.94603 -3.50394 -7.14786 
417788000000 12.3451 11.9614 -4.13013 68.5053 3.42955 37.2193 32.7532 -5.08754 50.8646 42.3658 -1.95292 59.6846 82.4476 -2.6587 75.3142 55.6354 -7.92807 2.94603 -1.21332 -9.59755 
417817000000 8.98212 9.44325 -4.39582 71.1156 4.09461 26.7894 25.1492 -7.34707 39.1144 30.6611 -2.24235 47.1652 58.9017 -3.34418 55.8307 44.5575 -9.75422 2.94603 2.22262 -12.5722 
417862000000 5.61913 5.91781 -4.95506 73.7259 5.42472 17.6633 18.3901 -7.79898 27.3642 21.2974 -2.30024 34.6458 44.4119 -3.50535 34.9554 36.8881 -10.1859 2.94603 6.23121 -14.147 
417900000000 3.51725 3.39963 -5.45484 75.031 6.31147 11.1447 14.1657 -7.57302 20.314 16.6155 -2.30024 26.2995 37.167 -3.51873 19.6469 34.3317 -10.2228 2.94603 9.09449 -14.8469 
417939000000 1.83575 0.377811 -5.8673 77.6413 7.64158 3.32234 13.3208 -6.66921 12.0889 15.4451 -2.12658 17.9533 37.167 -3.1556 4.33841 34.3317 -9.25995 2.94603 11.3851 -14.8469 
417977000000 1.41538 -0.62946 -6.04381 78.2939 8.52833 0.714889 15.8555 -5.99135 10.9138 18.9565 -1.95292 15.1712 40.7895 -2.77909 0.163366 35.1838 -8.2602 2.94603 11.3851 -15.3718 
418021000000 0.995001 -1.63673 -6.10327 79.599 9.41507 0 18.3901 -4.86159 9.73881 25.9793 -1.72137 13.7801 46.2231 -2.25479 0 36.8881 -6.8657 2.94603 11.9578 -15.8968 
418059000000 1.41538 -2.14037 -6.133 80.2516 10.3018 0 21.7697 -3.95778 8.56379 29.4907 -1.66349 10.9981 51.6568 -2.12037 0 38.5924 -6.50785 2.94603 11.9578 -16.2467 
418103000000 1.41538 -2.644 -6.16273 80.9041 10.9669 0 24.3043 -3.50587 8.56379 33.0021 -1.6056 10.9981 55.2792 -1.97258 0 39.4446 -6.1131 2.94603 11.9578 -16.5967 
418115000000 1.41538 -3.14764 -6.19246 81.5567 11.6319 0.714889 25.1492 -2.82801 9.73881 36.5135 -1.48983 10.9981 58.9017 -1.70374 0 41.1489 -5.3974 2.94603 11.9578 -17.1216 
418139000000 1.41538 -3.14764 -6.19246 81.5567 12.297 4.62607 25.9941 -2.60206 10.9138 38.8544 -1.43194 10.9981 60.7129 -1.56932 0 42.001 -5.03955 2.94603 11.9578 -17.4716 
418149000000 1.41538 -3.65127 -6.22218 82.2093 12.962 8.53725 26.839 -2.60206 12.0889 40.0249 -1.37405 10.9981 62.5241 -1.44827 0 42.8532 -4.7186 2.94603 11.9578 -17.6465 
418190000000 1.41538 -3.65127 -6.10514 82.8618 13.4054 11.1447 28.5288 -2.37611 13.2639 41.1954 -1.37405 10.9981 64.3354 -1.4349 0.163366 42.8532 -4.6817 2.94603 11.9578 -17.9965 
418230000000 1.41538 -3.14764 -5.95837 82.8618 14.0705 15.0559 30.2185 -1.69825 15.6139 43.5363 -1.25828 15.1712 67.9578 -1.17944 2.94673 44.5575 -4.0029 2.94603 11.9578 -18.5214 
418270000000 1.41538 -2.644 -5.69455 83.5144 14.5138 16.3596 32.7532 -1.47229 16.789 45.8772 -1.1425 16.5622 69.769 -0.923974 5.7301 45.4096 -3.3241 2.94603 10.8125 -18.5214 
418310000000 1.41538 -1.63673 -5.40101 83.5144 15.1789 17.6633 34.443 -1.24634 17.964 48.2182 -1.08462 17.9533 71.5802 -0.789554 7.12178 47.1139 -2.96625 2.94603 10.2398 -18.3465 
418351000000 1.41538 -1.1331 -5.13719 84.167 15.6223 20.2708 35.2879 -1.02039 20.314 49.3886 -1.08462 20.7354 75.2027 -0.789554 11.2968 47.9661 -2.96625 2.94603 9.66714 -18.1715 
418391000000 1.41538 -1.1331 -5.13719 84.167 15.844 22.8782 35.2879 -1.02039 22.6641 49.3886 -1.08462 22.1264 75.2027 -0.789554 12.6885 48.8182 -2.96625 2.94603 9.09449 -18.1715 
418431000000 1.41538 -0.62946 -4.87338 84.8195 16.0656 25.4857 35.2879 -1.02039 25.0141 49.3886 -1.08462 24.9085 75.2027 -0.789554 12.6885 47.9661 -2.96625 2.94603 9.09449 -18.3465 
418443000000 2.25613 -0.125825 -4.7266 84.8195 16.0656 26.7894 35.2879 -1.02039 27.3642 49.3886 -1.08462 26.2995 75.2027 -0.789554 15.4719 47.9661 -2.96625 2.94603 9.09449 -18.5214 
418472000000 2.25613 -0.125825 -4.7266 84.8195 16.2873 29.3969 35.2879 -1.02039 29.7142 49.3886 -1.08462 29.0816 75.2027 -0.789554 18.2552 48.8182 -2.96625 2.94603 9.09449 -18.5214 
418502000000 2.25613 -0.125825 -4.7266 84.8195 16.2873 29.3969 35.2879 -1.02039 30.8892 49.3886 -1.08462 30.4727 75.2027 -0.789554 21.0386 49.6704 -2.96625 2.94603 9.09449 -18.5214 
418541000000 2.25613 -0.125825 -4.7266 84.8195 16.2873 29.3969 34.443 -1.02039 32.0643 49.3886 -1.08462 31.8637 73.3915 -0.789554 22.4303 49.6704 -2.96625 2.94603 9.09449 -18.1715 
418580000000 2.25613 -0.125825 -4.7266 84.8195 16.2873 29.3969 34.443 -1.02039 33.2393 49.3886 -1.20039 31.8637 73.3915 -1.03164 22.4303 50.5225 -3.60815 2.94603 9.09449 -18.1715 
418620000000 2.25613 -0.125825 -4.7266 84.8195 16.2873 29.3969 34.443 -1.02039 33.2393 49.3886 -1.20039 31.8637 73.3915 -1.03164 23.822 50.5225 -3.60815 2.94603 6.80387 -17.9965 
418662000000 2.25613 -0.125825 -4.7266 84.8195 16.2873 30.7006 34.443 -1.02039 33.2393 49.3886 -1.20039 31.8637 73.3915 -1.04502 25.2137 50.5225 -3.64505 2.94603 8.52183 -17.9965 
418703000000 3.09687 0.881446 -4.43306 84.8195 16.2873 30.7006 34.443 -1.02039 33.2393 49.3886 -1.20039 31.8637 75.2027 -1.04502 25.2137 50.5225 -3.64505 2.94603 8.52183 -18.1715 
418762000000 3.09687 0.881446 -4.43306 84.8195 16.2873 30.7006 34.443 -1.02039 33.2393 49.3886 -1.31616 31.8637 75.2027 -1.2871 26.6053 50.5225 -4.28694 2.94603 9.09449 -18.3465 
418792000000 3.09687 0.881446 -4.43306 84.8195 16.2873 30.7006 34.443 -1.02039 35.5893 49.3886 -1.31616 33.2547 75.2027 -1.2871 27.997 50.5225 -4.28694 2.94603 8.52183 -18.1715 
418833000000 3.09687 0.881446 -4.43306 84.8195 16.2873 30.7006 34.443 -1.02039 36.7644 49.3886 -1.31616 33.2547 75.2027 -1.30048 29.3887 50.5225 -4.32385 2.94603 9.09449 -18.1715 
418871000000 3.93762 0.881446 -4.43306 84.8195 16.2873 33.3081 34.443 -1.02039 37.9394 48.2182 -1.31616 33.2547 75.2027 -1.30048 30.7804 50.5225 -4.32385 2.94603 7.94918 -17.8215 
418914000000 4.358 0.881446 -4.43306 84.8195 16.2873 33.3081 34.443 -1.02039 37.9394 48.2182 -1.31616 36.0368 75.2027 -1.30048 30.7804 50.5225 -4.32385 2.94603 8.52183 -17.8215 
418957000000 4.77837 0.881446 -4.43306 84.8195 16.2873 33.3081 33.5981 -1.24634 39.1144 48.2182 -1.31616 36.0368 75.2027 -1.30048 32.1721 50.5225 -4.32385 2.94603 7.37652 -17.4716 
418994000000 5.19875 0.881446 -4.43306 84.8195 16.2873 33.3081 33.5981 -1.24634 39.1144 47.0477 -1.31616 36.0368 75.2027 -1.30048 32.1721 50.5225 -4.32385 2.94603 8.52183 -17.2966 
419040000000 5.19875 0.377811 -4.57983 84.8195 16.0656 33.3081 33.5981 -1.24634 39.1144 47.0477 -1.37405 36.0368 75.2027 -1.42152 32.1721 51.3747 -4.64479 2.94603 8.52183 -17.2966 
419074000000 5.19875 0.377811 -4.69687 84.167 16.0656 33.3081 33.5981 -1.24634 39.1144 47.0477 -1.37405 36.0368 75.2027 -1.42152 32.1721 51.3747 -4.64479 2.94603 7.37652 -16.9466 
419114000000 5.19875 0.377811 -4.69687 84.167 16.0656 33.3081 33.5981 -1.24634 39.1144 47.0477 -1.37405 36.0368 75.2027 -1.42152 32.1721 51.3747 -4.64479 2.94603 8.52183 -16.9466 
419158000000 5.19875 0.377811 -4.69687 84.167 16.0656 33.3081 33.5981 -1.24634 39.1144 47.0477 -1.37405 36.0368 75.2027 -1.42152 32.1721 51.3747 -4.64479 2.94603 8.52183 -16.7717 
419194000000 5.19875 0.377811 -4.69687 84.167 16.0656 33.3081 35.2879 -0.794436 39.1144 47.0477 -1.37405 36.0368 75.2027 -1.40815 32.1721 51.3747 -4.60789 2.94603 8.52183 -16.5967 
419236000000 5.19875 0.377811 -4.69687 84.167 16.0656 33.3081 35.2879 -0.794436 39.1144 47.0477 -1.37405 36.0368 75.2027 -1.40815 33.5638 51.3747 -4.60789 2.94603 8.52183 -16.5967 
419275000000 5.19875 0.377811 -4.69687 84.167 16.2873 33.3081 35.2879 -0.794436 39.1144 47.0477 -1.37405 37.4279 75.2027 -1.40815 33.5638 51.3747 -4.60789 2.94603 8.52183 -16.5967 
419320000000 5.19875 0.377811 -4.69687 84.167 16.2873 33.3081 36.1327 -0.794436 39.1144 47.0477 -1.37405 37.4279 75.2027 -1.40815 33.5638 51.3747 -4.60789 2.94603 8.52183 -16.2467 
419336000000 5.19875 0.377811 -4.69687 84.167 16.2873 33.3081 36.1327 -0.794436 39.1144 47.0477 -1.37405 37.4279 75.2027 -1.40815 33.5638 51.3747 -4.60789 2.94603 8.52183 -16.2467 
419352000000 5.19875 0.377811 -4.69687 84.167 16.2873 33.3081 36.1327 -0.794436 39.1144 48.2182 -1.37405 37.4279 75.2027 -1.40815 33.5638 51.3747 -4.60789 2.94603 7.37652 -16.0717 
419374000000 5.19875 0.881446 -4.5501 84.167 16.2873 33.3081 36.1327 -0.794436 39.1144 48.2182 -1.37405 37.4279 75.2027 -1.39477 34.9554 51.3747 -4.57099 2.94603 8.52183 -15.8968 
419420000000 5.19875 0.881446 -4.5501 84.167 16.2873 33.3081 36.1327 -0.794436 39.1144 48.2182 -1.37405 37.4279 75.2027 -1.39477 34.9554 51.3747 -4.57099 2.94603 8.52183 -15.7218 
419455000000 5.19875 0.881446 -4.5501 84.167 16.2873 33.3081 36.1327 -0.794436 39.1144 48.2182 -1.37405 37.4279 75.2027 -1.39477 34.9554 51.3747 -4.57099 2.94603 8.52183 -15.7218 
419495000000 5.19875 0.881446 -4.5501 84.167 16.2873 33.3081 36.1327 -0.794436 39.1144 48.2182 -1.37405 37.4279 75.2027 -1.39477 34.9554 51.3747 -4.57099 2.94603 8.52183 -15.5468 
419535000000 5.19875 0.881446 -4.66714 83.5144 16.0656 32.0043 36.1327 -0.568483 39.1144 48.2182 -1.37405 36.0368 75.2027 -1.39477 34.9554 51.3747 -4.57099 2.94603 8.52183 -15.5468 
419575000000 5.19875 0.881446 -4.66714 83.5144 16.0656 32.0043 36.9776 -0.568483 39.1144 48.2182 -1.37405 36.0368 75.2027 -1.39477 34.9554 51.3747 -4.57099 2.94603 8.52183 -15.5468 
419616000000 5.19875 0.881446 -4.66714 83.5144 16.0656 32.0043 36.9776 -0.568483 39.1144 48.2182 -1.31616 36.0368 75.2027 -1.27373 34.9554 51.3747 -4.25004 2.94603 8.52183 -15.5468 
419656000000 4.77837 1.38508 -4.52037 83.5144 16.0656 32.0043 36.9776 -0.568483 39.1144 48.2182 -1.31616 36.0368 75.2027 -1.27373 34.9554 51.3747 -4.25004 2.94603 8.52183 -15.1969 
419700000000 4.77837 1.38508 -4.52037 83.5144 16.0656 32.0043 36.9776 -0.568483 39.1144 48.2182 -1.31616 36.0368 75.2027 -1.27373 34.9554 51.3747 -4.25004 2.94603 8.52183 -15.0219 
419719000000 4.77837 1.38508 -4.52037 83.5144 16.0656 32.0043 36.9776 -0.568483 39.1144 48.2182 -1.31616 36.0368 75.2027 -1.26035 34.9554 51.3747 -4.21313 2.94603 8.52183 -15.0219 
419738000000 4.77837 1.38508 -4.52037 83.5144 16.0656 32.0043 36.9776 -0.568483 39.1144 48.2182 -1.31616 36.0368 75.2027 -1.26035 34.9554 51.3747 -4.21313 2.94603 8.52183 -15.0219 
419757000000 4.77837 1.38508 -4.63741 82.8618 15.844 32.0043 36.9776 -0.568483 39.1144 48.2182 -1.31616 36.0368 75.2027 -1.26035 34.9554 51.3747 -4.21313 2.94603 7.37652 -15.0219 
419785000000 4.77837 1.38508 -4.63741 82.8618 15.844 30.7006 36.9776 -0.568483 39.1144 48.2182 -1.31616 36.0368 75.2027 -1.26035 34.9554 51.3747 -4.21313 2.94603 8.52183 -15.0219 
419827000000 4.77837 1.38508 -4.63741 82.8618 15.844 30.7006 36.9776 -0.568483 39.1144 48.2182 -1.31616 36.0368 75.2027 -1.26035 34.9554 51.3747 -4.21313 2.94603 9.09449 -14.6719 
419872000000 4.77837 1.38508 -4.63741 82.8618 15.844 30.7006 36.9776 -0.568483 39.1144 48.2182 -1.31616 36.0368 75.2027 -1.26035 34.9554 51.3747 -4.21313 2.94603 9.09449 -14.4969 
419905000000 4.77837 1.38508 -4.63741 82.8618 15.4006 30.7006 36.9776 -0.568483 39.1144 48.2182 -1.31616 36.0368 75.2027 -1.26035 34.9554 50.5225 -4.21313 2.94603 7.94918 -14.4969 
419947000000 4.77837 1.88872 -4.49064 82.8618 15.4006 30.7006 36.9776 -0.568483 39.1144 48.2182 -1.31616 36.0368 75.2027 -1.26035 34.9554 50.5225 -4.21313 2.94603 9.09449 -14.4969 
419996000000 5.19875 1.88872 -4.49064 82.8618 15.4006 30.7006 36.9776 -0.34253 39.1144 47.0477 -1.31616 36.0368 73.3915 -1.26035 34.9554 50.5225 -4.21313 2.94603 9.09449 -14.4969 
420027000000 5.19875 1.88872 -4.49064 82.8618 15.1789 30.7006 36.9776 -0.34253 39.1144 47.0477 -1.31616 36.0368 73.3915 -1.24697 34.9554 50.5225 -4.17623 2.94603 7.94918 -14.147 
420067000000 5.19875 1.88872 -4.49064 82.8618 14.9572 30.7006 36.9776 -0.34253 39.1144 47.0477 -1.25828 37.4279 73.3915 -1.12593 36.3471 50.5225 -3.85528 2.94603 9.09449 -13.972 
420108000000 5.19875 1.88872 -4.49064 82.8618 14.9572 30.7006 36.9776 -0.34253 39.1144 47.0477 -1.25828 37.4279 73.3915 -1.12593 36.3471 50.5225 -3.85528 2.94603 9.09449 -13.797 
420148000000 5.19875 1.88872 -4.60768 82.2093 14.9572 30.7006 36.9776 -0.34253 39.1144 47.0477 -1.25828 37.4279 73.3915 -1.12593 36.3471 50.5225 -3.85528 2.94603 9.09449 -13.622 
420192000000 5.19875 1.88872 -4.60768 82.2093 14.9572 30.7006 36.9776 -0.34253 39.1144 47.0477 -1.25828 37.4279 73.3915 -1.12593 36.3471 50.5225 -3.85528 2.94603 9.09449 -13.4471 
420225000000 5.19875 2.39236 -4.46091 82.2093 14.9572 30.7006 36.9776 -0.116577 39.1144 47.0477 -1.25828 37.4279 73.3915 -1.12593 36.3471 50.5225 -3.85528 2.94603 7.94918 -13.2721 
420246000000 5.19875 2.39236 -4.46091 82.2093 14.9572 30.7006 36.9776 -0.116577 39.1144 47.0477 -1.25828 37.4279 71.5802 -1.12593 36.3471 50.5225 -3.85528 2.94603 9.09449 -13.2721 
420267000000 5.19875 2.39236 -4.46091 82.2093 14.9572 30.7006 36.9776 -0.116577 39.1144 48.2182 -1.20039 37.4279 71.5802 -1.00489 36.3471 50.5225 -3.53434 2.94603 9.09449 -13.2721 
420303000000 5.19875 2.39236 -4.46091 82.2093 14.7355 30.7006 36.9776 -0.116577 39.1144 48.2182 -1.20039 37.4279 71.5802 -1.00489 36.3471 50.5225 -3.53434 2.94603 9.09449 -13.2721 
420338000000 5.19875 2.39236 -4.46091 82.2093 14.7355 30.7006 36.9776 -0.116577 39.1144 48.2182 -1.20039 37.4279 71.5802 -1.00489 36.3471 50.5225 -3.53434 2.94603 9.09449 -13.2721 
420379000000 5.19875 2.39236 -4.46091 82.2093 14.7355 30.7006 36.9776 -0.116577 39.1144 48.2182 -1.20039 38.8189 71.5802 -1.00489 36.3471 50.5225 -3.53434 2.94603 9.09449 -13.2721 
420417000000 5.19875 2.39236 -4.46091 82.2093 14.7355 30.7006 36.9776 -0.116577 39.1144 48.2182 -1.20039 38.8189 71.5802 -1.00489 36.3471 50.5225 -3.53434 2.94603 9.09449 -13.2721 
420456000000 5.19875 2.39236 -4.46091 82.2093 14.7355 30.7006 36.9776 -0.116577 39.1144 48.2182 -1.20039 38.8189 71.5802 -1.00489 36.3471 50.5225 -3.53434 2.94603 9.09449 -12.9221 
420478000000 5.19875 2.39236 -4.46091 82.2093 14.7355 30.7006 36.9776 -0.116577 39.1144 48.2182 -1.20039 38.8189 71.5802 -1.00489 36.3471 50.5225 -3.53434 2.94603 9.09449 -12.9221 
420501000000 5.19875 2.39236 -4.46091 82.2093 14.7355 30.7006 36.9776 -0.116577 39.1144 48.2182 -1.20039 38.8189 71.5802 -1.00489 36.3471 50.5225 -3.53434 2.94603 9.09449 -12.9221 
420534000000 5.19875 2.39236 -4.46091 82.2093 14.7355 30.7006 36.9776 -0.116577 39.1144 48.2182 -1.20039 38.8189 71.5802 -0.99151 37.7388 50.5225 -3.49743 2.94603 9.09449 -12.9221 
420557000000 5.19875 2.39236 -4.46091 82.2093 14.7355 30.7006 36.9776 -0.116577 39.1144 48.2182 -1.20039 38.8189 71.5802 -0.99151 37.7388 50.5225 -3.49743 2.94603 9.09449 -12.9221 
420599000000 5.19875 2.39236 -4.46091 82.2093 14.7355 30.7006 36.9776 -0.116577 39.1144 48.2182 -1.20039 38.8189 71.5802 -0.99151 37.7388 50.5225 -3.49743 2.94603 9.09449 -12.9221 
420639000000 5.19875 2.89599 -4.43118 81.5567 14.7355 30.7006 36.9776 -0.116577 39.1144 48.2182 -1.20039 38.8189 71.5802 -0.99151 37.7388 50.5225 -3.49743 2.94603 9.09449 -12.9221 
420685000000 5.19875 2.89599 -4.43118 81.5567 14.7355 30.7006 36.9776 -0.116577 39.1144 48.2182 -1.20039 38.8189 71.5802 -0.99151 37.7388 50.5225 -3.49743 2.94603 9.09449 -12.9221 
420718000000 5.19875 2.89599 -4.43118 81.5567 14.7355 30.7006 36.9776 -0.116577 39.1144 48.2182 -1.20039 38.8189 71.5802 -0.99151 37.7388 50.5225 -3.49743 2.94603 9.09449 -12.9221 
420762000000 5.19875 2.89599 -4.43118 81.5567 14.7355 30.7006 36.9776 -0.116577 39.1144 48.2182 -1.20039 38.8189 71.5802 -0.99151 37.7388 50.5225 -3.49743 2.94603 9.09449 -12.9221 
420788000000 5.19875 2.89599 -4.43118 81.5567 14.7355 30.7006 36.9776 -0.116577 39.1144 48.2182 -1.20039 38.8189 71.5802 -0.99151 37.7388 50.5225 -3.49743 2.94603 9.09449 -12.9221 
420813000000 5.19875 2.89599 -4.43118 81.5567 14.7355 30.7006 36.9776 0.109375 39.1144 48.2182 -1.20039 38.8189 71.5802 -0.99151 37.7388 50.5225 -3.49743 2.94603 9.09449 -12.9221 
420839000000 5.19875 2.89599 -4.43118 81.5567 14.7355 30.7006 36.9776 0.109375 39.1144 48.2182 -1.20039 38.8189 71.5802 -0.99151 37.7388 50.5225 -3.49743 2.94603 9.09449 -12.9221 
420865000000 5.19875 2.89599 -4.43118 81.5567 14.7355 30.7006 36.9776 0.109375 39.1144 48.2182 -1.20039 38.8189 71.5802 -0.99151 37.7388 50.5225 -3.49743 2.94603 9.09449 -12.9221 
