#time#THJ1#THJ2#THJ3#THJ4#THJ5#FFJ0#FFJ3#FFJ4#MFJ0#MFJ3#MFJ4#RFJ0#RFJ3#RFJ4#LFJ0#LFJ3#LFJ4#LFJ5#WRJ1#WRJ2
63670000000 8.56175 6.42144 -11.2457 37.8346 -8.31981 5.92979 0 -4.40968 7.38876 0 -0.447863 0 0 0.488413 0 7.06286 0.416545 2.94603 10.8125 -9.07262 
63711000000 8.56175 6.42144 -11.2457 37.8346 -8.31981 5.92979 0 -4.40968 7.38876 0 -0.447863 0 0 0.488413 0 7.06286 0.416545 2.94603 10.8125 -9.07262 
63751000000 8.56175 6.42144 -11.2457 37.8346 -8.31981 7.23352 0 -4.40968 7.38876 0 -0.447863 0 0 0.488413 0 7.06286 0.416545 2.94603 10.8125 -9.07262 
63753000000 8.56175 6.42144 -11.2457 37.8346 -8.31981 7.23352 0 -4.40968 7.38876 0 -0.447863 0 0 0.488413 0 7.06286 0.416545 2.94603 10.8125 -9.07262 
63792000000 8.56175 6.42144 -11.1286 38.4872 -8.31981 7.23352 0 -4.40968 7.38876 0 -0.447863 0 0 0.488413 0 7.06286 0.416545 2.94603 9.09449 -9.07262 
63827000000 8.56175 6.42144 -11.1286 38.4872 -8.31981 7.23352 0 -4.40968 7.38876 0 -0.447863 0 0 0.488413 0 7.06286 0.416545 2.94603 10.8125 -8.89764 
63862000000 8.56175 6.42144 -11.1286 38.4872 -8.31981 7.23352 0 -4.40968 7.38876 0 -0.447863 0 0 0.488413 0 7.06286 0.416545 2.94603 10.2398 -8.89764 
63903000000 8.56175 6.42144 -11.1286 38.4872 -8.31981 7.23352 0 -4.40968 7.38876 0 -0.447863 0 0 0.488413 0 7.06286 0.416545 2.94603 10.8125 -8.89764 
63943000000 8.56175 6.42144 -11.1286 38.4872 -8.31981 7.23352 0 -4.40968 7.38876 0 -0.447863 0 0 0.488413 0 7.06286 0.416545 2.94603 10.8125 -8.89764 
63983000000 8.56175 6.42144 -11.1286 38.4872 -8.31981 7.23352 0 -4.40968 7.38876 0 -0.447863 0 0 0.488413 0 7.06286 0.416545 2.94603 10.8125 -8.89764 
63987000000 8.56175 6.42144 -11.1286 38.4872 -8.31981 7.23352 0 -4.40968 7.38876 0 -0.447863 0 0 0.488413 0 7.06286 0.416545 2.94603 10.8125 -8.89764 
64024000000 8.56175 6.42144 -11.1286 38.4872 -8.31981 7.23352 0 -4.40968 7.38876 0 -0.447863 0 0 0.488413 0 7.06286 0.416545 2.94603 10.8125 -8.89764 
64039000000 8.56175 6.42144 -11.1286 38.4872 -8.31981 7.23352 0 -4.40968 7.38876 0 -0.447863 0 0 0.488413 0 7.06286 0.416545 2.94603 10.8125 -8.54768 
64089000000 8.98212 6.92508 -11.0989 37.8346 -8.31981 7.23352 0 -4.40968 7.38876 0 -0.447863 0 0 0.488413 0 7.06286 0.416545 2.94603 9.66714 -8.54768 
64122000000 8.98212 6.92508 -11.0989 37.8346 -8.31981 7.23352 0 -4.40968 7.38876 0 -0.447863 0 0 0.488413 0 7.06286 0.416545 2.94603 10.2398 -8.54768 
64163000000 8.98212 6.92508 -11.0989 37.8346 -8.31981 7.23352 0 -4.63563 7.38876 0 -0.447863 0 0 0.488413 0 7.06286 0.416545 2.94603 10.2398 -8.54768 
64204000000 8.98212 6.92508 -11.0989 37.8346 -8.31981 7.23352 0 -4.63563 7.38876 0 -0.447863 0 0 0.488413 0 7.06286 0.416545 2.94603 10.8125 -8.54768 
64245000000 8.98212 6.92508 -11.0989 37.8346 -8.31981 7.23352 0 -4.63563 7.38876 0 -0.447863 0 0 0.488413 0 7.06286 0.416545 2.94603 10.8125 -8.54768 
64254000000 8.98212 6.92508 -11.0989 37.8346 -8.31981 7.23352 0 -4.63563 7.38876 0 -0.447863 0 0 0.46166 0 7.06286 0.342737 2.94603 10.8125 -8.54768 
64286000000 8.98212 6.92508 -11.0989 37.8346 -8.31981 7.23352 0 -4.63563 7.38876 0 -0.447863 0 0 0.46166 0 7.06286 0.342737 2.94603 10.8125 -8.54768 
64320000000 8.98212 6.92508 -10.9818 38.4872 -8.31981 7.23352 0 -4.63563 7.38876 0 -0.447863 0 0 0.46166 0 7.06286 0.342737 2.94603 9.66714 -8.54768 
64358000000 8.98212 6.92508 -10.9818 38.4872 -8.09812 7.23352 0 -4.63563 7.38876 0 -0.447863 0 0 0.46166 0 7.06286 0.342737 2.94603 10.8125 -8.54768 
64400000000 8.98212 6.92508 -10.9818 38.4872 -8.09812 7.23352 0 -4.63563 7.38876 0 -0.50575 0 0 0.340617 0 7.06286 0.0217906 2.94603 10.8125 -8.54768 
64435000000 8.98212 6.92508 -10.9818 38.4872 -8.09812 7.23352 0 -4.63563 7.38876 0 -0.50575 0 0 0.340617 0 7.06286 0.0217906 2.94603 9.09449 -8.3727 
64480000000 8.98212 6.92508 -10.9818 38.4872 -8.09812 7.23352 0 -4.63563 7.38876 0 -0.50575 0 0 0.340617 0 7.06286 0.0217906 2.94603 10.8125 -8.3727 
64521000000 8.98212 6.42144 -11.1286 38.4872 -8.09812 7.23352 0 -4.63563 7.38876 0 -0.50575 0 0 0.340617 0 7.06286 0.0217906 2.94603 10.8125 -8.3727 
64547000000 8.98212 6.42144 -11.1286 38.4872 -8.09812 7.23352 0 -4.63563 7.38876 0 -0.50575 0 0 0.340617 0 7.06286 0.0217906 2.94603 10.8125 -8.3727 
64598000000 8.98212 6.42144 -11.1286 38.4872 -8.09812 7.23352 0 -4.63563 7.38876 0 -0.50575 0 0 0.340617 0 7.06286 0.0217906 2.94603 10.8125 -8.3727 
64639000000 8.98212 6.42144 -11.1286 38.4872 -8.09812 7.23352 0 -4.63563 7.38876 0 -0.50575 0 0 0.340617 0 7.06286 0.0217906 2.94603 10.8125 -8.3727 
64678000000 8.56175 6.42144 -11.1286 38.4872 -8.09812 7.23352 0 -4.63563 7.38876 0 -0.50575 0 0 0.340617 0 7.06286 0.0217906 2.94603 10.8125 -8.3727 
64715000000 8.56175 6.42144 -11.0116 39.1398 -7.65475 7.23352 0 -4.63563 7.38876 0 -0.447863 0 0 0.46166 0 7.06286 0.342737 2.94603 10.8125 -8.3727 
64759000000 8.56175 6.42144 -10.7775 40.4449 -6.768 7.23352 0 -4.63563 7.38876 0 -0.447863 0 0 0.46166 0 7.06286 0.342737 2.94603 10.8125 -9.07262 
64802000000 8.56175 4.4069 -10.0771 47.6231 -5.65957 7.23352 0 -4.18373 7.38876 0 -0.563637 0 0 0.219574 0 7.06286 -0.299156 2.94603 7.37652 -9.07262 
64839000000 7.30062 3.39963 -9.4343 52.8437 -4.32946 7.23352 0 -4.18373 7.38876 0 -0.621523 0 0 0.0985309 0 7.06286 -0.620102 2.94603 7.37652 -9.59755 
64879000000 5.19875 2.39236 -8.08925 61.9796 -0.782482 5.92979 0 -4.18373 6.21374 0 -0.563637 0 0 0.27308 0 8.76716 -0.15154 2.94603 6.23121 -10.6474 
64922000000 3.93762 1.88872 -7.06559 68.5053 2.76449 5.92979 0 -4.63563 6.21374 0 -0.563637 0 0 0.286456 0 10.4715 -0.114636 2.94603 7.37652 -11.6973 
64962000000 3.51725 0.377811 -6.33548 75.031 6.97653 5.92979 0 -4.86159 6.21374 0 -0.563637 0 9.99866 0.339963 0 18.993 0.032979 2.94603 5.65855 -13.2721 
65009000000 3.09687 -0.62946 -6.27789 76.9887 8.75001 5.92979 0.647489 -4.63563 6.21374 1.39947 -0.158429 0 17.2435 1.21402 1.55505 22.4016 2.35341 2.94603 5.0859 -14.147 
65047000000 2.25613 -1.63673 -6.10327 79.599 11.4102 4.62607 7.40658 -3.73182 6.21374 9.59275 0.131004 0 28.1109 1.85936 1.55505 24.958 4.06886 2.94603 1.07731 -14.6719 
65085000000 1.41538 -2.14037 -6.133 80.2516 13.1837 4.62607 19.235 -1.47229 6.21374 24.8088 0.478326 0 46.2231 2.6525 1.55505 30.0709 6.17906 2.94603 4.51324 -14.8469 
65122000000 0.574627 -2.644 -6.04568 81.5567 14.0705 4.62607 21.7697 -1.02039 2.68867 28.3202 0.478326 0 49.8456 2.67926 1.55505 31.7752 6.25287 2.94603 5.0859 -14.8469 
65160000000 0.154252 -2.644 -5.8116 82.8618 15.1789 4.62607 24.3043 -1.02039 1.51364 30.6611 0.478326 0 53.468 2.69263 1.55505 32.6274 6.28977 2.94603 5.65855 -15.0219 
65205000000 0 -2.644 -5.8116 82.8618 15.844 4.62607 28.5288 -0.568483 1.51364 35.343 0.478326 0 58.9017 2.71938 1.55505 35.1838 6.36358 2.94603 6.23121 -14.4969 
65243000000 0 -2.644 -5.69455 83.5144 16.2873 4.62607 30.2185 -0.568483 0.33862 37.6839 0.478326 0 62.5241 2.71938 1.55505 37.7403 6.36358 2.94603 6.23121 -14.147 
65283000000 0 -0.62946 -4.75633 85.4721 17.1741 4.62607 36.9776 -0.34253 1.51364 45.8772 0.478326 0 75.2027 2.75951 4.33841 42.8532 6.47429 2.94603 5.65855 -13.4471 
65323000000 0.574627 -0.125825 -4.49252 86.1247 17.6174 8.53725 40.3572 -0.116577 3.86369 50.5591 0.478326 0 82.4476 2.77289 7.12178 45.4096 6.51119 2.94603 4.51324 -13.0971 
65364000000 0.574627 -0.125825 -4.49252 86.1247 18.0608 12.4484 42.047 0.109375 7.38876 54.0705 0.478326 1.26077 87.8813 2.75951 11.2968 47.9661 6.47429 2.94603 2.79527 -12.9221 
65405000000 0.154252 -0.125825 -4.49252 86.1247 18.0608 15.0559 42.047 0.109375 8.56379 52.9 0.362551 4.04285 86.07 2.50405 12.6885 47.9661 5.79549 2.94603 3.94059 -12.9221 
65450000000 0.574627 -0.125825 -4.49252 86.1247 18.0608 17.6633 42.047 0.109375 10.9138 52.9 0.246778 8.21598 86.07 2.23521 15.4719 48.8182 5.07979 2.94603 4.51324 -12.9221 
65488000000 1.41538 -0.125825 -4.49252 86.1247 18.0608 21.5745 42.047 0.109375 14.4389 52.9 0.131004 12.3891 84.2588 1.953 16.8636 49.6704 4.32718 2.94603 3.36793 -12.9221 
65525000000 1.41538 -0.125825 -4.37547 86.7772 18.0608 21.5745 42.047 0.109375 15.6139 52.9 0.131004 15.1712 82.4476 1.91287 18.2552 50.5225 4.21647 2.94603 3.36793 -12.5722 
65567000000 1.41538 -0.125825 -4.37547 86.7772 18.0608 21.5745 41.2021 0.109375 16.789 52.9 0.131004 16.5622 80.6364 1.88611 18.2552 50.5225 4.14266 2.94603 4.51324 -12.7472 
65605000000 1.41538 -0.125825 -4.37547 86.7772 18.0608 21.5745 41.2021 0.109375 16.789 51.7296 0.131004 17.9533 80.6364 1.87274 18.2552 50.5225 4.10576 2.94603 4.51324 -12.9221 
65615000000 1.41538 -0.125825 -4.37547 86.7772 18.0608 21.5745 41.2021 -0.116577 16.789 51.7296 0.131004 17.9533 78.8251 1.87274 18.2552 50.5225 4.10576 2.94603 4.51324 -12.7472 
65645000000 1.41538 -0.125825 -4.37547 86.7772 18.0608 21.5745 41.2021 -0.116577 16.789 51.7296 0.131004 19.3443 78.8251 1.87274 18.2552 50.5225 4.10576 2.94603 4.51324 -12.9221 
65674000000 1.83575 -0.125825 -4.37547 86.7772 18.0608 21.5745 40.3572 -0.116577 16.789 51.7296 0.131004 19.3443 78.8251 1.87274 21.0386 50.5225 4.10576 2.94603 4.51324 -12.7472 
65714000000 1.83575 -0.125825 -4.37547 86.7772 17.6174 22.8782 40.3572 -0.116577 16.789 51.7296 0.131004 19.3443 78.8251 1.87274 21.0386 49.6704 4.10576 2.94603 4.51324 -12.7472 
65756000000 1.83575 0.377811 -4.34574 86.1247 17.6174 22.8782 40.3572 -0.116577 17.964 50.5591 0.015231 19.3443 78.8251 1.63065 21.0386 49.6704 3.46387 2.94603 4.51324 -12.9221 
65794000000 1.83575 0.377811 -4.34574 86.1247 17.6174 22.8782 40.3572 -0.116577 17.964 50.5591 0.015231 19.3443 78.8251 1.63065 21.0386 49.6704 3.46387 2.94603 4.51324 -12.9221 
65844000000 1.83575 0.377811 -4.34574 86.1247 17.6174 22.8782 40.3572 -0.34253 17.964 50.5591 0.015231 19.3443 78.8251 1.61727 21.0386 49.6704 3.42696 2.94603 4.51324 -12.9221 
65872000000 1.83575 0.377811 -4.34574 86.1247 17.6174 22.8782 40.3572 -0.34253 17.964 50.5591 0.015231 19.3443 78.8251 1.61727 21.0386 49.6704 3.42696 2.94603 4.51324 -12.9221 
65906000000 1.83575 0.377811 -4.46279 85.4721 17.6174 22.8782 40.3572 -0.34253 17.964 50.5591 0.015231 19.3443 78.8251 1.61727 21.0386 51.3747 3.42696 2.94603 4.51324 -12.9221 
65947000000 1.83575 0.377811 -4.46279 85.4721 17.3958 22.8782 40.3572 -0.34253 17.964 50.5591 0.015231 19.3443 78.8251 1.61727 21.0386 51.3747 3.42696 2.94603 4.51324 -12.9221 
65986000000 1.83575 0.377811 -4.46279 85.4721 17.3958 22.8782 40.3572 -0.34253 17.964 50.5591 0.015231 19.3443 78.8251 1.61727 21.0386 51.3747 3.42696 2.94603 4.51324 -12.9221 
66026000000 1.83575 0.377811 -4.46279 85.4721 17.3958 22.8782 40.3572 -0.34253 17.964 50.5591 -0.0426558 19.3443 80.6364 1.49623 21.0386 51.3747 3.10602 2.94603 3.94059 -12.9221 
66074000000 1.83575 0.881446 -4.31601 85.4721 17.3958 22.8782 40.3572 -0.34253 17.964 50.5591 -0.0426558 19.3443 80.6364 1.49623 21.0386 51.3747 3.10602 2.94603 5.0859 -12.9221 
66115000000 1.83575 0.881446 -4.31601 85.4721 17.1741 22.8782 40.3572 -0.34253 17.964 50.5591 -0.0426558 19.3443 80.6364 1.49623 21.0386 51.3747 3.10602 2.94603 5.65855 -12.9221 
66172000000 1.83575 0.881446 -4.31601 85.4721 17.1741 22.8782 40.3572 -0.34253 17.964 50.5591 -0.0426558 19.3443 80.6364 1.49623 21.0386 51.3747 3.10602 2.94603 5.65855 -12.9221 
66204000000 1.83575 0.881446 -4.31601 85.4721 17.1741 22.8782 40.3572 -0.34253 17.964 50.5591 -0.0426558 19.3443 80.6364 1.49623 21.0386 51.3747 3.10602 2.94603 5.65855 -13.2721 
66247000000 1.83575 0.881446 -4.31601 85.4721 17.1741 22.8782 40.3572 -0.34253 17.964 50.5591 -0.0426558 19.3443 80.6364 1.49623 21.0386 51.3747 3.10602 2.94603 5.65855 -13.0971 
66293000000 1.83575 0.881446 -4.31601 85.4721 17.1741 22.8782 40.3572 -0.34253 17.964 50.5591 -0.0426558 19.3443 80.6364 1.49623 21.0386 51.3747 3.10602 2.94603 5.65855 -13.0971 
66333000000 1.83575 0.881446 -4.31601 85.4721 16.9524 22.8782 40.3572 -0.34253 17.964 50.5591 -0.0426558 19.3443 80.6364 1.50961 21.0386 51.3747 3.14292 2.94603 4.51324 -13.0971 
66366000000 1.83575 0.881446 -4.31601 85.4721 16.9524 22.8782 40.3572 -0.34253 17.964 50.5591 -0.0426558 19.3443 80.6364 1.50961 21.0386 51.3747 3.14292 2.94603 5.65855 -13.0971 
66406000000 1.83575 0.881446 -4.43306 84.8195 16.9524 21.5745 40.3572 -0.34253 17.964 50.5591 -0.0426558 19.3443 80.6364 1.50961 21.0386 51.3747 3.14292 2.94603 5.65855 -13.0971 
66454000000 1.83575 0.881446 -4.43306 84.8195 16.9524 21.5745 40.3572 -0.34253 17.964 50.5591 -0.0426558 17.9533 80.6364 1.50961 22.4303 51.3747 3.14292 2.94603 4.51324 -12.9221 
66492000000 1.83575 0.881446 -4.43306 84.8195 16.9524 21.5745 40.3572 -0.34253 16.789 50.5591 -0.0426558 17.9533 80.6364 1.50961 22.4303 51.3747 3.14292 2.94603 5.65855 -12.9221 
66529000000 1.83575 0.881446 -4.43306 84.8195 16.9524 21.5745 40.3572 -0.34253 16.789 50.5591 -0.0426558 17.9533 80.6364 1.50961 22.4303 51.3747 3.14292 2.94603 5.65855 -12.9221 
66570000000 1.83575 0.881446 -4.43306 84.8195 16.7307 21.5745 40.3572 -0.34253 16.789 50.5591 -0.0426558 17.9533 80.6364 1.50961 22.4303 51.3747 3.14292 2.94603 4.51324 -12.9221 
66588000000 1.83575 0.881446 -4.43306 84.8195 16.7307 21.5745 40.3572 -0.34253 16.789 50.5591 -0.0426558 17.9533 80.6364 1.50961 22.4303 51.3747 3.14292 2.94603 5.65855 -12.9221 
66606000000 1.83575 0.881446 -4.43306 84.8195 16.7307 21.5745 40.3572 -0.34253 16.789 50.5591 -0.0426558 17.9533 80.6364 1.52298 22.4303 51.3747 3.17982 2.94603 5.65855 -12.9221 
66643000000 1.83575 1.38508 -4.28629 84.8195 16.7307 21.5745 40.3572 -0.34253 16.789 50.5591 -0.0426558 17.9533 80.6364 1.52298 22.4303 51.3747 3.17982 2.94603 4.51324 -12.9221 
66681000000 1.83575 1.38508 -4.28629 84.8195 16.7307 21.5745 40.3572 -0.34253 16.789 50.5591 -0.0426558 17.9533 80.6364 1.52298 22.4303 51.3747 3.17982 2.94603 5.65855 -12.7472 
66719000000 1.83575 1.38508 -4.28629 84.8195 16.509 21.5745 40.3572 -0.34253 16.789 50.5591 -0.0426558 17.9533 80.6364 1.52298 22.4303 51.3747 3.17982 2.94603 5.65855 -12.7472 
66759000000 1.83575 1.38508 -4.28629 84.8195 16.509 21.5745 40.3572 -0.34253 16.789 50.5591 -0.0426558 17.9533 80.6364 1.52298 22.4303 51.3747 3.17982 2.94603 5.65855 -12.7472 
66799000000 1.83575 1.38508 -4.40333 84.167 16.509 21.5745 40.3572 -0.34253 16.789 50.5591 -0.0426558 17.9533 80.6364 1.52298 22.4303 51.3747 3.17982 2.94603 5.65855 -12.7472 
66840000000 1.83575 1.38508 -4.40333 84.167 16.509 21.5745 40.3572 -0.34253 16.789 50.5591 -0.0426558 17.9533 80.6364 1.52298 22.4303 51.3747 3.17982 2.94603 5.65855 -12.7472 
66880000000 1.83575 1.38508 -4.40333 84.167 16.509 21.5745 40.3572 -0.34253 16.789 50.5591 -0.0426558 17.9533 80.6364 1.52298 22.4303 51.3747 3.17982 2.94603 5.65855 -12.7472 
66920000000 1.83575 1.38508 -4.40333 84.167 16.509 21.5745 40.3572 -0.34253 16.789 50.5591 -0.0426558 17.9533 80.6364 1.52298 22.4303 51.3747 3.17982 2.94603 5.65855 -12.7472 
66966000000 1.83575 1.38508 -4.40333 84.167 16.509 21.5745 40.3572 -0.34253 16.789 50.5591 -0.0426558 17.9533 80.6364 1.52298 22.4303 51.3747 3.17982 2.94603 6.23121 -12.7472 
67005000000 1.83575 1.38508 -4.40333 84.167 16.2873 21.5745 40.3572 -0.34253 16.789 50.5591 -0.0426558 17.9533 80.6364 1.52298 22.4303 51.3747 3.17982 2.94603 6.23121 -12.7472 
67041000000 1.83575 1.38508 -4.40333 84.167 16.2873 20.2708 40.3572 -0.34253 16.789 50.5591 -0.0426558 17.9533 80.6364 1.52298 22.4303 51.3747 3.17982 2.94603 6.23121 -12.7472 
67081000000 1.83575 1.38508 -4.40333 84.167 16.2873 20.2708 40.3572 -0.34253 16.789 50.5591 -0.0426558 17.9533 80.6364 1.52298 22.4303 51.3747 3.17982 2.94603 6.23121 -12.5722 
67100000000 1.83575 1.38508 -4.40333 84.167 16.2873 20.2708 40.3572 -0.34253 16.789 50.5591 -0.0426558 17.9533 80.6364 1.52298 22.4303 51.3747 3.17982 2.94603 6.23121 -12.5722 
67119000000 1.83575 1.38508 -4.52037 83.5144 16.2873 20.2708 40.3572 -0.34253 16.789 50.5591 -0.0426558 17.9533 80.6364 1.52298 22.4303 51.3747 3.17982 2.94603 6.23121 -12.5722 
67138000000 1.83575 1.38508 -4.52037 83.5144 16.2873 20.2708 40.3572 -0.34253 16.789 50.5591 -0.0426558 17.9533 80.6364 1.52298 22.4303 51.3747 3.17982 2.94603 6.23121 -12.5722 
67172000000 1.83575 1.38508 -4.52037 83.5144 16.2873 20.2708 40.3572 -0.34253 16.789 50.5591 -0.0426558 17.9533 80.6364 1.52298 22.4303 51.3747 3.17982 2.94603 6.23121 -12.5722 
67212000000 1.83575 1.38508 -4.52037 83.5144 16.0656 20.2708 40.3572 -0.34253 16.789 50.5591 -0.0426558 17.9533 80.6364 1.53636 22.4303 51.3747 3.21673 2.94603 6.23121 -12.3972 
67250000000 1.83575 1.38508 -4.52037 83.5144 16.0656 20.2708 40.3572 -0.34253 16.789 50.5591 -0.0426558 17.9533 80.6364 1.53636 22.4303 51.3747 3.21673 2.94603 6.23121 -12.3972 
67290000000 1.83575 1.38508 -4.52037 83.5144 16.0656 20.2708 40.3572 -0.34253 16.789 50.5591 -0.0426558 17.9533 80.6364 1.53636 22.4303 51.3747 3.21673 2.94603 6.23121 -12.3972 
67330000000 1.83575 1.38508 -4.52037 83.5144 16.0656 20.2708 40.3572 -0.34253 16.789 50.5591 -0.0426558 17.9533 80.6364 1.53636 22.4303 51.3747 3.21673 2.94603 6.23121 -12.3972 

