#time#THJ1#THJ2#THJ3#THJ4#THJ5#FFJ0#FFJ3#FFJ4#MFJ0#MFJ3#MFJ4#RFJ0#RFJ3#RFJ4#LFJ0#LFJ3#LFJ4#LFJ5#WRJ1#WRJ2
199660000000 26.6379 29.0851 -3.11932 46.318 -2.1126 146.732 87.6709 0.787234 121.366 89.1845 0.304665 126.455 156.708 2.42314 151.857 76.0871 5.58525 2.94603 -5.79456 -1.37358 
199694000000 26.6379 29.0851 -3.11932 46.318 -2.1126 146.732 87.6709 0.787234 121.366 89.1845 0.304665 126.455 156.708 2.42314 151.857 76.0871 5.58525 2.94603 -5.79456 -1.37358 
199737000000 26.6379 29.0851 -3.11932 46.318 -2.1126 146.732 87.6709 0.787234 121.366 89.1845 0.304665 126.455 156.708 2.42314 151.857 76.0871 5.58525 2.94603 -5.79456 -1.37358 
199778000000 26.6379 29.0851 -3.11932 46.318 -1.89091 146.732 87.6709 0.787234 121.366 89.1845 0.304665 126.455 156.708 2.42314 151.857 76.0871 5.58525 2.94603 -5.79456 -1.37358 
199817000000 26.6379 29.0851 -3.11932 46.318 -1.89091 146.732 87.6709 0.787234 121.366 89.1845 0.304665 126.455 156.708 2.42314 151.857 76.0871 5.58525 2.94603 -5.79456 -1.37358 
199858000000 26.6379 29.0851 -3.11932 46.318 -1.89091 146.732 87.6709 0.787234 121.366 89.1845 0.304665 126.455 156.708 2.42314 151.857 76.0871 5.58525 2.94603 -5.79456 -1.37358 
199898000000 26.6379 29.0851 -3.11932 46.318 -1.89091 146.732 87.6709 0.787234 121.366 89.1845 0.304665 126.455 156.708 2.42314 151.857 76.0871 5.58525 2.94603 -5.2219 -1.37358 
199903000000 26.6379 29.0851 -3.11932 46.318 -1.89091 146.732 87.6709 0.787234 121.366 89.1845 0.304665 126.455 156.708 2.42314 151.857 76.0871 5.58525 2.94603 -5.2219 -1.37358 
199939000000 26.6379 29.0851 -3.11932 46.318 -1.89091 146.732 87.6709 0.787234 121.366 89.1845 0.304665 126.455 156.708 2.42314 151.857 76.0871 5.58525 2.94603 -5.2219 -1.37358 
199962000000 26.6379 29.0851 -3.11932 46.318 -1.89091 146.732 87.6709 0.787234 121.366 89.1845 0.304665 126.455 156.708 2.42314 151.857 76.0871 5.58525 2.94603 -5.2219 -1.37358 
199999000000 26.6379 29.0851 -3.11932 46.318 -1.89091 146.732 87.6709 0.787234 121.366 89.1845 0.304665 126.455 156.708 2.42314 151.857 76.0871 5.58525 2.94603 -5.2219 -1.37358 
200038000000 26.6379 29.0851 -3.11932 46.318 -1.89091 146.732 87.6709 0.787234 121.366 89.1845 0.304665 126.455 156.708 2.42314 151.857 76.0871 5.58525 2.94603 -5.2219 -1.37358 
200080000000 26.6379 29.0851 -3.11932 46.318 -1.89091 146.732 87.6709 0.787234 121.366 89.1845 0.304665 126.455 156.708 2.42314 151.857 76.0871 5.58525 2.94603 -5.2219 -1.37358 
200121000000 26.6379 29.0851 -3.11932 46.318 -1.89091 146.732 87.6709 0.787234 121.366 89.1845 0.304665 126.455 156.708 2.42314 151.857 76.0871 5.58525 2.94603 -5.2219 -1.37358 
200162000000 26.6379 29.0851 -3.11932 46.318 -1.89091 146.732 87.6709 0.787234 121.366 89.1845 0.304665 126.455 156.708 2.42314 151.857 76.0871 5.58525 2.94603 -5.2219 -1.37358 
200205000000 26.6379 29.0851 -3.11932 46.318 -1.89091 146.732 87.6709 0.787234 121.366 89.1845 0.304665 126.455 156.708 2.42314 151.857 76.0871 5.58525 2.94603 -5.2219 -1.37358 
200210000000 26.6379 29.0851 -3.11932 46.318 -1.89091 146.732 87.6709 0.787234 121.366 89.1845 0.304665 126.455 156.708 2.42314 151.857 76.0871 5.58525 2.94603 -5.2219 -1.37358 
200246000000 26.6379 29.0851 -3.11932 46.318 -1.89091 146.732 87.6709 0.787234 121.366 89.1845 0.304665 126.455 156.708 2.42314 151.857 76.0871 5.58525 2.94603 -5.2219 -1.37358 
200266000000 26.6379 29.0851 -3.11932 46.318 -1.89091 146.732 87.6709 0.787234 121.366 89.1845 0.304665 126.455 156.708 2.42314 151.857 76.0871 5.58525 2.94603 -5.2219 -1.37358 
200302000000 26.6379 29.0851 -3.11932 46.318 -1.89091 146.732 87.6709 0.787234 121.366 89.1845 0.304665 126.455 156.708 2.42314 151.857 76.0871 5.58525 2.94603 -5.2219 -1.37358 
200341000000 26.6379 29.0851 -3.11932 46.318 -1.89091 146.732 87.6709 0.787234 121.366 89.1845 0.304665 126.455 156.708 2.42314 151.857 76.0871 5.58525 2.94603 -5.2219 -1.37358 
200382000000 26.6379 29.0851 -3.11932 46.318 -1.89091 146.732 87.6709 0.561281 121.366 89.1845 0.304665 126.455 156.708 2.42314 151.857 76.0871 5.58525 2.94603 -5.2219 -1.37358 
200424000000 26.6379 29.0851 -3.11932 46.318 -1.89091 146.732 87.6709 0.561281 121.366 89.1845 0.304665 126.455 156.708 2.42314 151.857 76.0871 5.58525 2.94603 -5.2219 -1.37358 
200465000000 26.6379 29.0851 -3.11932 46.318 -1.89091 146.732 87.6709 0.561281 121.366 89.1845 0.304665 126.455 156.708 2.42314 151.857 76.0871 5.58525 2.94603 -5.2219 -1.37358 
200505000000 26.6379 29.0851 -3.11932 46.318 -1.89091 146.732 87.6709 0.561281 121.366 89.1845 0.304665 126.455 156.708 2.42314 151.857 76.0871 5.58525 2.94603 -5.2219 -1.37358 
200545000000 26.6379 29.0851 -3.11932 46.318 -1.89091 146.732 87.6709 0.561281 121.366 89.1845 0.304665 126.455 156.708 2.42314 151.857 76.0871 5.58525 2.94603 -5.2219 -1.37358 
200585000000 26.6379 29.0851 -3.11932 46.318 -1.89091 146.732 87.6709 0.561281 121.366 89.1845 0.304665 126.455 156.708 2.42314 151.857 76.0871 5.58525 2.94603 -5.2219 -1.37358 
200627000000 26.6379 29.0851 -3.11932 46.318 -1.89091 146.732 87.6709 0.561281 121.366 89.1845 0.304665 126.455 156.708 2.42314 151.857 76.0871 5.58525 2.94603 -5.2219 -1.37358 
200669000000 26.6379 29.0851 -3.11932 46.318 -1.89091 146.732 87.6709 0.561281 121.366 89.1845 0.304665 126.455 156.708 2.42314 151.857 76.0871 5.58525 2.94603 -5.2219 -1.37358 
200676000000 26.6379 29.0851 -3.11932 46.318 -1.89091 146.732 87.6709 0.561281 121.366 89.1845 0.304665 126.455 156.708 2.42314 151.857 76.0871 5.58525 2.94603 -5.2219 -1.37358 
200706000000 26.6379 29.0851 -3.11932 46.318 -1.89091 146.732 87.6709 0.561281 121.366 89.1845 0.304665 126.455 156.708 2.42314 151.857 76.0871 5.58525 2.94603 -5.2219 -1.37358 
200713000000 26.6379 29.0851 -3.11932 46.318 -1.89091 146.732 87.6709 0.561281 121.366 89.1845 0.304665 126.455 156.708 2.42314 151.857 76.0871 5.58525 2.94603 -5.2219 -1.37358 
200755000000 26.6379 29.0851 -3.11932 46.318 -1.89091 146.732 87.6709 0.561281 121.366 89.1845 0.304665 126.455 156.708 2.42314 151.857 76.0871 5.58525 2.94603 -5.2219 -1.37358 
200796000000 26.6379 29.0851 -3.11932 46.318 -1.89091 146.732 87.6709 0.561281 121.366 89.1845 0.304665 126.455 156.708 2.42314 151.857 76.0871 5.58525 2.94603 -5.2219 -1.37358 
200837000000 26.6379 29.0851 -3.11932 46.318 -1.89091 146.732 87.6709 0.561281 121.366 89.1845 0.304665 126.455 156.708 2.42314 151.857 76.0871 5.58525 2.94603 -5.2219 -1.37358 
200878000000 26.6379 29.0851 -3.11932 46.318 -1.89091 146.732 87.6709 0.561281 121.366 89.1845 0.304665 126.455 156.708 2.42314 151.857 76.0871 5.58525 2.94603 -5.2219 -1.37358 
200920000000 26.6379 29.0851 -3.11932 46.318 -1.89091 146.732 87.6709 0.561281 121.366 89.1845 0.304665 126.455 156.708 2.42314 151.857 76.0871 5.58525 2.94603 -5.2219 -1.37358 
200958000000 26.6379 29.0851 -3.11932 46.318 -1.89091 146.732 87.6709 0.561281 121.366 89.1845 0.304665 126.455 156.708 2.42314 151.857 76.0871 5.58525 2.94603 -5.2219 -1.37358 
200965000000 26.6379 29.0851 -3.11932 46.318 -1.89091 146.732 87.6709 0.561281 121.366 89.1845 0.304665 126.455 156.708 2.42314 151.857 76.0871 5.58525 2.94603 -5.2219 -1.37358 
200999000000 26.6379 29.0851 -3.11932 46.318 -1.89091 146.732 87.6709 0.561281 121.366 89.1845 0.304665 126.455 156.708 2.42314 151.857 76.0871 5.58525 2.94603 -5.2219 -1.37358 
201020000000 26.6379 29.0851 -3.11932 46.318 -1.89091 146.732 87.6709 0.561281 121.366 89.1845 0.304665 126.455 156.708 2.42314 151.857 76.0871 5.58525 2.94603 -5.2219 -1.37358 
201060000000 26.6379 29.0851 -3.11932 46.318 -1.89091 146.732 86.826 0.561281 121.366 89.1845 0.304665 126.455 156.708 2.42314 151.857 76.0871 5.58525 2.94603 -5.2219 -1.37358 
201099000000 26.6379 29.0851 -3.11932 46.318 -1.89091 145.429 86.826 0.561281 121.366 89.1845 0.304665 122.281 156.708 2.42314 151.857 76.0871 5.58525 2.94603 -6.36722 -1.89851 
201138000000 26.6379 29.0851 -2.88524 47.6231 -1.44754 145.429 86.826 0.561281 119.016 89.1845 0.304665 120.89 156.708 2.42314 149.073 76.0871 5.58525 2.94603 -4.64925 -2.07349 
201179000000 26.6379 29.0851 -2.88524 47.6231 -1.22586 142.821 85.1362 0.561281 117.841 89.1845 0.304665 119.499 156.708 2.42314 146.29 76.0871 5.58525 2.94603 -4.64925 -2.24847 
201219000000 24.9564 27.0705 -3.23824 48.9283 -0.33911 136.303 80.0669 0.561281 111.966 85.6731 0.304665 112.544 144.029 2.38301 139.332 72.6785 5.47454 2.94603 -6.93987 -2.7734 
201260000000 24.1156 26.0632 -3.41474 49.5809 -0.117424 134.999 74.9976 0.561281 110.791 80.9912 0.188891 111.153 136.784 2.12754 133.765 70.122 4.79575 2.94603 -6.93987 -3.29834 
201303000000 23.2749 25.5596 -3.56151 49.5809 -0.117424 136.303 74.1527 0.561281 110.791 79.8208 0.188891 109.762 134.973 2.12754 133.765 69.2699 4.79575 2.94603 -6.93987 -3.47332 
201337000000 22.4341 25.5596 -3.56151 49.5809 0.104261 136.303 74.1527 0.561281 110.791 79.8208 0.188891 109.762 134.973 2.12754 133.765 69.2699 4.79575 2.94603 -6.93987 -3.64829 
201379000000 22.0137 25.056 -3.70829 49.5809 0.547633 133.695 71.618 0.561281 108.441 77.4798 0.131004 108.371 129.539 2.0065 130.982 68.4177 4.4748 2.94603 -6.93987 -3.99825 
201389000000 21.173 23.5451 -3.79748 51.5386 1.21269 127.176 65.7038 0.561281 104.916 70.457 0.015231 104.198 118.672 1.72429 124.023 65.0091 3.72219 2.94603 -6.93987 -4.87314 
201416000000 19.9119 21.5305 -3.9164 54.1488 1.43438 116.747 58.9447 0.561281 97.8656 63.4342 -0.100543 95.8516 100.56 1.45545 117.065 58.1919 3.00649 2.94603 -5.79456 -6.7979 
201427000000 18.6507 20.0196 -3.88854 56.7591 2.09943 102.406 50.4958 0.561281 87.2904 54.0705 -0.100543 88.8964 77.0139 1.41532 108.715 47.9661 2.89578 2.94603 -4.07659 -9.94751 
201469000000 17.81 19.0123 -3.59687 60.0219 2.76449 84.1534 41.2021 -1.02039 74.3651 45.8772 -0.0426558 77.7681 64.3354 1.50961 98.9728 40.2967 3.14292 2.94603 -2.35863 -11.8723 
201510000000 17.3896 18.0051 -3.53929 61.9796 3.20786 67.205 36.9776 -2.60206 63.7899 40.0249 -0.100543 69.4218 58.9017 1.36181 92.0144 36.8881 2.74817 2.94603 -0.640658 -12.9221 
201551000000 16.1285 16.9978 -3.36466 64.5899 3.65123 52.864 31.0634 -3.95778 55.5647 35.343 -0.216316 63.8577 53.468 1.06622 83.6643 35.1838 1.95866 2.94603 1.07731 -13.797 
201591000000 14.0266 15.4869 -3.10272 68.5053 4.53798 37.2193 21.7697 -6.2173 43.8145 24.8088 -0.621523 54.1204 44.4119 0.125284 69.7475 33.4795 -0.546295 2.94603 5.0859 -14.6719 
201602000000 12.7655 13.976 -3.19191 70.463 5.20304 29.3969 15.8555 -7.57302 36.7644 16.6155 -0.910957 48.5562 37.167 -0.533437 61.3974 32.6274 -2.29864 2.94603 7.37652 -15.0219 
201631000000 12.3451 12.9687 -3.01728 73.0733 6.08978 24.182 10.7861 -8.47683 33.2393 10.7632 -1.1425 45.7741 33.5446 -1.04436 54.439 31.7752 -3.65624 2.94603 10.8125 -15.3718 
201646000000 11.5044 10.4505 -3.16593 76.3361 7.4199 20.2708 2.33726 -9.83255 30.8892 0.229008 -1.48983 41.601 22.6772 -1.85088 44.6972 31.7752 -5.80334 2.94603 14.821 -15.7218 
201691000000 11.5044 8.93962 -3.25512 78.2939 8.08495 18.9671 0 -10.5104 30.8892 0 -1.66349 40.21 17.2435 -2.30764 39.1305 31.7752 -7.02451 2.94603 16.539 -15.7218 
201731000000 12.3451 8.43598 -3.16781 79.599 8.9717 20.2708 1.49238 -10.2845 35.5893 0 -1.72137 41.601 19.0548 -2.46882 40.5222 33.4795 -7.45617 2.94603 15.9664 -15.3718 
201771000000 13.6062 8.43598 -2.93372 80.9041 9.19338 24.182 2.33726 -10.5104 39.1144 0 -1.72137 42.992 19.0548 -2.49557 41.9139 35.1838 -7.52997 2.94603 18.257 -16.0717 
201812000000 15.2877 8.43598 -2.81668 81.5567 9.41507 29.3969 4.87192 -10.0585 46.1645 0 -1.72137 47.1652 19.0548 -2.49557 46.0889 36.036 -7.52997 2.94603 18.8296 -16.7717 
201849000000 17.81 10.4505 -2.22959 81.5567 9.85844 38.523 14.1657 -8.02493 56.7398 4.91088 -1.25828 54.1204 22.6772 -1.50047 53.0473 36.8881 -4.88859 2.94603 18.257 -17.6465 
201892000000 18.6507 10.9542 -2.08282 81.5567 9.85844 41.1304 18.3901 -6.66921 60.2648 8.42228 -1.08462 55.5114 26.2997 -1.12397 57.2224 37.7403 -3.88885 2.94603 18.257 -18.3465 
201938000000 20.3322 11.4578 -1.93604 81.5567 10.0801 46.3453 20.0799 -5.7654 62.6149 9.59275 -1.02673 58.2935 28.1109 -0.976172 60.0057 37.7403 -3.4941 2.94603 18.257 -19.3963 
201970000000 21.5934 12.4651 -1.6425 81.5567 10.0801 52.864 21.7697 -5.31349 68.49 8.42228 -1.02673 62.4666 28.1109 -0.962795 64.1808 37.7403 -3.45719 2.94603 18.257 -19.9213 
202019000000 22.8545 12.9687 -1.49572 81.5567 10.0801 59.3826 22.6146 -4.63563 73.1901 8.42228 -0.968844 65.2487 28.1109 -0.828376 66.9641 37.7403 -3.09934 2.94603 18.257 -20.2712 
202032000000 23.2749 13.4723 -1.58304 80.2516 10.0801 63.2938 24.3043 -3.95778 76.7152 10.7632 -0.968844 68.0308 28.1109 -0.828376 69.7475 39.4446 -3.09934 2.94603 18.257 -20.4462 
202046000000 24.1156 13.976 -1.43626 80.2516 10.7452 69.8124 25.9941 -2.82801 79.0652 14.2746 -0.968844 72.2039 31.7333 -0.828376 73.9226 41.1489 -3.09934 2.94603 15.3937 -20.2712 
202061000000 24.9564 14.4796 -1.28949 80.2516 10.9669 76.3311 26.839 -2.15015 82.5903 16.6155 -0.968844 76.3771 33.5446 -0.828376 75.3142 42.8532 -3.09934 2.94603 16.539 -20.0962 
202103000000 25.7971 14.4796 -1.28949 80.2516 11.4102 81.546 26.839 -1.47229 83.7653 17.786 -0.968844 79.1591 35.3558 -0.801623 76.7059 43.7053 -3.02553 2.94603 16.539 -20.0962 
202149000000 25.7971 14.4796 -1.28949 80.2516 11.6319 84.1534 27.6839 -1.02039 84.9403 18.9565 -0.968844 79.1591 37.167 -0.801623 78.0976 44.5575 -3.02553 2.94603 15.9664 -20.0962 
202183000000 26.2175 14.4796 -1.28949 80.2516 11.6319 86.7609 27.6839 -0.794436 86.1153 18.9565 -0.968844 80.5502 37.167 -0.788246 79.4893 44.5575 -2.98863 2.94603 15.9664 -20.0962 
202223000000 26.6379 13.4723 -1.58304 80.2516 12.0753 88.0646 27.6839 -0.116577 88.4654 20.1269 -0.968844 80.5502 37.167 -0.774869 82.2727 44.5575 -2.95173 2.94603 15.9664 -19.7463 
202263000000 27.0582 12.9687 -1.72981 80.2516 12.297 89.3683 27.6839 -0.116577 88.4654 21.2974 -0.968844 80.5502 37.167 -0.788246 82.2727 44.5575 -2.98863 2.94603 15.9664 -19.7463 
202303000000 27.4786 12.4651 -1.87658 80.2516 12.297 89.3683 27.6839 0.109375 88.4654 21.2974 -0.968844 80.5502 37.167 -0.788246 82.2727 44.5575 -2.98863 2.94603 15.9664 -19.9213 
202343000000 27.899 11.9614 -2.25744 78.9464 12.5187 89.3683 27.6839 0.109375 88.4654 21.2974 -0.968844 80.5502 37.167 -0.788246 82.2727 44.5575 -2.98863 2.94603 15.9664 -19.7463 
202384000000 27.899 11.4578 -2.40421 78.9464 12.7404 89.3683 27.6839 0.335328 88.4654 21.2974 -0.968844 80.5502 37.167 -0.788246 82.2727 44.5575 -2.98863 2.94603 14.821 -19.5713 
202425000000 27.899 11.4578 -2.40421 78.9464 12.7404 89.3683 27.6839 0.335328 88.4654 21.2974 -0.968844 81.9412 37.167 -0.788246 82.2727 44.5575 -2.98863 2.94603 15.9664 -19.2213 
202468000000 27.899 11.4578 -2.40421 78.9464 12.7404 89.3683 27.6839 0.335328 88.4654 21.2974 -0.968844 81.9412 37.167 -0.788246 82.2727 44.5575 -2.98863 2.94603 15.9664 -18.8714 
202503000000 27.899 11.4578 -2.40421 78.9464 12.7404 89.3683 27.6839 0.335328 88.4654 21.2974 -0.968844 81.9412 37.167 -0.788246 83.6643 45.4096 -2.98863 2.94603 14.2484 -18.6964 
202544000000 27.899 11.4578 -2.40421 78.9464 12.7404 89.3683 27.6839 0.335328 88.4654 21.2974 -0.968844 81.9412 37.167 -0.788246 83.6643 45.4096 -2.98863 2.94603 15.3937 -18.5214 
202590000000 27.899 10.4505 -2.8148 78.2939 12.7404 86.7609 27.6839 0.335328 88.4654 21.2974 -0.968844 81.9412 38.9782 -0.788246 83.6643 45.4096 -2.98863 2.94603 15.3937 -18.1715 
202625000000 27.899 10.4505 -2.8148 78.2939 12.7404 86.7609 28.5288 0.335328 88.4654 22.4679 -0.968844 81.9412 38.9782 -0.788246 83.6643 45.4096 -2.98863 2.94603 15.3937 -17.8215 
202667000000 27.899 10.4505 -2.8148 78.2939 12.962 85.4572 28.5288 -0.116577 88.4654 22.4679 -0.968844 81.9412 38.9782 -0.788246 83.6643 45.4096 -2.98863 2.94603 15.3937 -17.4716 
202705000000 27.899 9.94689 -2.96158 78.2939 12.962 84.1534 28.5288 -0.116577 88.4654 22.4679 -0.968844 81.9412 38.9782 -0.788246 83.6643 46.2618 -2.98863 2.94603 15.3937 -17.4716 
202756000000 27.899 9.94689 -3.19566 76.9887 12.962 84.1534 28.5288 -0.116577 88.4654 22.4679 -0.968844 81.9412 38.9782 -0.788246 83.6643 46.2618 -2.98863 2.94603 15.3937 -17.2966 
202807000000 27.899 9.94689 -3.19566 76.9887 12.962 84.1534 28.5288 -0.116577 88.4654 22.4679 -0.968844 81.9412 38.9782 -0.761493 83.6643 46.2618 -2.91482 2.94603 15.3937 -16.9466 
202856000000 27.899 9.94689 -3.19566 76.9887 12.962 84.1534 29.3737 -0.116577 88.4654 22.4679 -0.968844 81.9412 38.9782 -0.774869 83.6643 46.2618 -2.95173 2.94603 14.821 -16.5967 
202903000000 27.0582 9.94689 -3.19566 76.9887 12.962 84.1534 29.3737 -0.116577 87.2904 22.4679 -0.968844 81.9412 38.9782 -0.774869 83.6643 46.2618 -2.95173 2.94603 14.821 -16.4217 
202955000000 27.0582 9.94689 -3.19566 76.9887 12.962 84.1534 29.3737 -0.116577 87.2904 22.4679 -0.968844 81.9412 38.9782 -0.774869 83.6643 46.2618 -2.95173 2.94603 14.821 -16.4217 
203006000000 27.0582 9.94689 -3.19566 76.9887 12.962 84.1534 29.3737 -0.116577 87.2904 22.4679 -0.968844 81.9412 38.9782 -0.774869 83.6643 46.2618 -2.95173 2.94603 14.821 -16.4217 
203061000000 27.0582 9.94689 -3.19566 76.9887 12.962 82.8497 29.3737 -0.116577 87.2904 22.4679 -0.968844 81.9412 38.9782 -0.774869 83.6643 46.2618 -2.95173 2.94603 14.821 -16.0717 
203108000000 27.0582 9.44325 -3.34244 76.9887 12.962 82.8497 29.3737 -0.116577 87.2904 22.4679 -0.968844 81.9412 38.9782 -0.774869 83.6643 46.2618 -2.95173 2.94603 14.821 -15.8968 
203156000000 27.0582 9.44325 -3.34244 76.9887 12.962 82.8497 29.3737 -0.34253 87.2904 22.4679 -0.968844 81.9412 38.9782 -0.774869 83.6643 46.2618 -2.95173 2.94603 14.821 -15.7218 
203213000000 27.0582 9.44325 -3.45948 76.3361 12.962 82.8497 29.3737 -0.34253 87.2904 22.4679 -0.968844 81.9412 38.9782 -0.774869 83.6643 46.2618 -2.95173 2.94603 14.821 -15.5468 
203244000000 27.0582 9.44325 -3.45948 76.3361 12.962 82.8497 29.3737 -0.34253 87.2904 22.4679 -0.968844 81.9412 38.9782 -0.774869 83.6643 46.2618 -2.95173 2.94603 14.821 -15.3718 
203289000000 27.0582 9.44325 -3.45948 76.3361 12.7404 82.8497 29.3737 -0.34253 87.2904 22.4679 -0.968844 81.9412 38.9782 -0.774869 86.4477 46.2618 -2.95173 2.94603 14.821 -15.1969 
203328000000 27.0582 9.44325 -3.45948 76.3361 12.7404 82.8497 29.3737 -0.34253 87.2904 22.4679 -0.968844 81.9412 38.9782 -0.788246 86.4477 46.2618 -2.98863 2.94603 14.2484 -15.3718 
203368000000 27.0582 9.44325 -3.45948 76.3361 12.7404 82.8497 29.3737 -0.34253 87.2904 22.4679 -0.968844 81.9412 38.9782 -0.788246 86.4477 46.2618 -2.98863 2.94603 14.2484 -15.3718 
203407000000 27.0582 9.44325 -3.45948 76.3361 12.7404 82.8497 29.3737 -0.34253 87.2904 22.4679 -0.968844 81.9412 38.9782 -0.788246 86.4477 45.4096 -2.98863 2.94603 14.2484 -15.1969 
203447000000 27.0582 9.44325 -3.45948 76.3361 12.7404 82.8497 29.3737 -0.34253 87.2904 22.4679 -0.968844 81.9412 38.9782 -0.788246 86.4477 45.4096 -2.98863 2.94603 14.2484 -15.0219 
203486000000 27.0582 9.44325 -3.45948 76.3361 12.7404 82.8497 29.3737 -0.34253 87.2904 21.2974 -0.968844 81.9412 38.9782 -0.788246 86.4477 45.4096 -2.98863 2.94603 14.2484 -15.0219 
203526000000 27.0582 9.44325 -3.45948 76.3361 12.7404 82.8497 29.3737 -0.34253 87.2904 21.2974 -0.968844 81.9412 38.9782 -0.788246 86.4477 45.4096 -2.98863 2.94603 14.2484 -15.0219 
203574000000 27.0582 9.44325 -3.45948 76.3361 12.7404 82.8497 29.3737 -0.34253 87.2904 21.2974 -0.968844 81.9412 37.167 -0.788246 86.4477 45.4096 -2.98863 2.94603 14.2484 -15.0219 
203608000000 27.0582 9.94689 -3.31271 76.3361 12.297 81.546 29.3737 -0.34253 87.2904 21.2974 -0.968844 81.9412 37.167 -0.788246 86.4477 45.4096 -2.98863 2.94603 14.2484 -14.6719 
203648000000 27.0582 9.94689 -3.31271 76.3361 12.297 81.546 29.3737 -0.34253 87.2904 21.2974 -0.968844 81.9412 37.167 -0.788246 86.4477 44.5575 -2.98863 2.94603 14.2484 -14.6719 
203690000000 26.6379 9.94689 -3.42975 75.6836 12.297 81.546 29.3737 -0.34253 87.2904 21.2974 -0.968844 81.9412 37.167 -0.788246 86.4477 44.5575 -2.98863 2.94603 11.9578 -14.6719 
203733000000 26.6379 9.94689 -3.42975 75.6836 12.297 81.546 29.3737 -0.34253 87.2904 21.2974 -0.968844 81.9412 37.167 -0.788246 86.4477 44.5575 -2.98863 2.94603 13.6757 -14.6719 
203768000000 26.6379 9.94689 -3.42975 75.6836 12.297 81.546 29.3737 -0.34253 87.2904 21.2974 -0.968844 81.9412 37.167 -0.788246 86.4477 44.5575 -2.98863 2.94603 13.6757 -14.6719 
203807000000 26.6379 9.94689 -3.42975 75.6836 12.297 81.546 29.3737 -0.34253 87.2904 21.2974 -0.968844 81.9412 37.167 -0.788246 86.4477 44.5575 -2.98863 2.94603 13.6757 -14.6719 
203856000000 26.6379 9.94689 -3.42975 75.6836 12.297 81.546 29.3737 -0.34253 87.2904 21.2974 -0.968844 81.9412 37.167 -0.788246 86.4477 44.5575 -2.98863 2.94603 13.6757 -14.6719 
203878000000 26.6379 9.94689 -3.42975 75.6836 12.297 81.546 29.3737 -0.34253 87.2904 21.2974 -0.968844 81.9412 37.167 -0.788246 86.4477 44.5575 -2.98863 2.94603 13.6757 -14.6719 
203901000000 26.6379 9.94689 -3.42975 75.6836 12.297 81.546 29.3737 -0.34253 87.2904 21.2974 -0.968844 81.9412 37.167 -0.788246 86.4477 44.5575 -2.98863 2.94603 13.6757 -14.6719 
203924000000 26.6379 9.94689 -3.42975 75.6836 12.297 81.546 29.3737 -0.34253 87.2904 21.2974 -0.968844 81.9412 37.167 -0.788246 86.4477 44.5575 -2.98863 2.94603 13.6757 -14.322 
203947000000 26.6379 10.4505 -3.28298 75.6836 12.297 81.546 29.3737 -0.34253 87.2904 21.2974 -0.968844 81.9412 37.167 -0.788246 86.4477 44.5575 -2.98863 2.94603 13.6757 -14.322 
203977000000 26.6379 10.4505 -3.28298 75.6836 12.297 81.546 29.3737 -0.34253 87.2904 21.2974 -0.968844 81.9412 37.167 -0.788246 86.4477 44.5575 -2.98863 2.94603 13.6757 -14.322 
204020000000 27.0582 10.4505 -3.28298 75.6836 12.297 81.546 29.3737 -0.34253 87.2904 21.2974 -0.968844 81.9412 37.167 -0.788246 87.8394 44.5575 -2.98863 2.94603 11.9578 -14.322 
204066000000 27.0582 10.4505 -3.28298 75.6836 12.0753 81.546 29.3737 -0.34253 87.2904 21.2974 -0.968844 81.9412 37.167 -0.788246 87.8394 44.5575 -2.98863 2.94603 13.1031 -14.322 
204105000000 27.0582 10.4505 -3.28298 75.6836 12.0753 81.546 29.3737 -0.34253 87.2904 21.2974 -0.968844 81.9412 37.167 -0.788246 87.8394 43.7053 -2.98863 2.94603 13.1031 -14.322 
204139000000 27.0582 10.4505 -3.28298 75.6836 12.0753 81.546 29.3737 -0.34253 87.2904 21.2974 -0.968844 81.9412 37.167 -0.788246 87.8394 43.7053 -2.98863 2.94603 13.1031 -14.322 
204163000000 27.0582 10.4505 -3.28298 75.6836 12.0753 81.546 29.3737 -0.34253 87.2904 21.2974 -0.968844 81.9412 37.167 -0.788246 87.8394 43.7053 -2.98863 2.94603 13.1031 -14.322 
204185000000 27.0582 10.4505 -3.28298 75.6836 12.0753 81.546 29.3737 -0.34253 87.2904 21.2974 -0.968844 81.9412 37.167 -0.788246 87.8394 43.7053 -2.98863 2.94603 13.1031 -14.322 
204208000000 27.0582 10.4505 -3.28298 75.6836 12.0753 81.546 29.3737 -0.34253 87.2904 21.2974 -0.968844 81.9412 37.167 -0.788246 89.2311 43.7053 -2.98863 2.94603 11.9578 -14.322 
204232000000 27.0582 10.4505 -3.28298 75.6836 12.0753 81.546 29.3737 -0.34253 87.2904 21.2974 -0.968844 81.9412 37.167 -0.788246 89.2311 43.7053 -2.98863 2.94603 13.1031 -14.322 
204270000000 27.0582 10.4505 -3.28298 75.6836 12.0753 81.546 29.3737 -0.34253 87.2904 21.2974 -0.968844 81.9412 37.167 -0.788246 89.2311 43.7053 -2.98863 2.94603 13.1031 -14.322 
204310000000 27.0582 10.4505 -3.28298 75.6836 12.0753 81.546 29.3737 -0.34253 87.2904 21.2974 -0.968844 81.9412 37.167 -0.788246 89.2311 43.7053 -2.98863 2.94603 13.1031 -14.322 
204356000000 27.0582 10.4505 -3.28298 75.6836 12.0753 81.546 29.3737 -0.34253 87.2904 21.2974 -0.968844 81.9412 37.167 -0.788246 89.2311 43.7053 -2.98863 2.94603 13.1031 -14.322 
204386000000 27.0582 10.4505 -3.28298 75.6836 12.0753 81.546 29.3737 -0.34253 87.2904 21.2974 -0.968844 81.9412 37.167 -0.788246 89.2311 43.7053 -2.98863 2.94603 13.1031 -14.322 
204430000000 26.6379 10.4505 -3.28298 75.6836 12.0753 81.546 29.3737 -0.34253 87.2904 21.2974 -0.968844 81.9412 37.167 -0.788246 89.2311 43.7053 -2.98863 2.94603 13.1031 -14.322 
204460000000 26.6379 10.4505 -3.28298 75.6836 12.0753 81.546 29.3737 -0.34253 87.2904 21.2974 -0.968844 81.9412 37.167 -0.788246 89.2311 43.7053 -2.98863 2.94603 13.1031 -14.147 
204491000000 26.6379 10.4505 -3.28298 75.6836 12.0753 81.546 29.3737 -0.34253 87.2904 21.2974 -0.968844 81.9412 37.167 -0.801623 89.2311 43.7053 -3.02553 2.94603 13.1031 -14.147 
204521000000 26.6379 10.4505 -3.28298 75.6836 12.0753 81.546 29.3737 -0.34253 87.2904 21.2974 -0.968844 81.9412 37.167 -0.801623 89.2311 43.7053 -3.02553 2.94603 13.1031 -14.147 
204552000000 26.6379 10.4505 -3.28298 75.6836 12.0753 81.546 29.3737 -0.34253 87.2904 21.2974 -0.968844 81.9412 37.167 -0.801623 89.2311 43.7053 -3.02553 2.94603 13.1031 -14.147 
204582000000 26.6379 10.4505 -3.28298 75.6836 12.0753 81.546 29.3737 -0.34253 87.2904 21.2974 -0.968844 81.9412 37.167 -0.801623 89.2311 43.7053 -3.02553 2.94603 13.1031 -14.147 
204613000000 26.6379 10.4505 -3.28298 75.6836 12.0753 81.546 29.3737 -0.34253 87.2904 21.2974 -0.968844 81.9412 37.167 -0.801623 89.2311 43.7053 -3.02553 2.94603 13.1031 -14.147 
204651000000 26.6379 10.4505 -3.28298 75.6836 12.0753 81.546 29.3737 -0.34253 87.2904 21.2974 -0.968844 81.9412 37.167 -0.801623 89.2311 43.7053 -3.02553 2.94603 13.1031 -14.147 
204694000000 26.6379 10.4505 -3.28298 75.6836 12.0753 81.546 29.3737 -0.34253 87.2904 21.2974 -0.968844 81.9412 37.167 -0.801623 89.2311 43.7053 -3.02553 2.94603 13.1031 -14.147 
204732000000 26.6379 10.4505 -3.28298 75.6836 12.0753 81.546 29.3737 -0.34253 87.2904 21.2974 -0.968844 81.9412 37.167 -0.801623 89.2311 43.7053 -3.02553 2.94603 13.1031 -14.147 
204760000000 26.6379 10.4505 -3.28298 75.6836 12.0753 81.546 29.3737 -0.34253 87.2904 21.2974 -0.968844 81.9412 37.167 -0.801623 89.2311 43.7053 -3.02553 2.94603 13.1031 -14.147 
204786000000 26.6379 10.4505 -3.28298 75.6836 12.0753 81.546 29.3737 -0.34253 87.2904 21.2974 -0.968844 81.9412 37.167 -0.801623 89.2311 43.7053 -3.02553 2.94603 13.1031 -14.147 
204814000000 26.6379 10.4505 -3.28298 75.6836 12.0753 81.546 29.3737 -0.34253 87.2904 21.2974 -0.968844 81.9412 37.167 -0.801623 89.2311 43.7053 -3.02553 2.94603 11.9578 -14.147 
204842000000 26.6379 10.4505 -3.28298 75.6836 12.0753 81.546 29.3737 -0.34253 87.2904 21.2974 -0.968844 81.9412 37.167 -0.801623 89.2311 43.7053 -3.02553 2.94603 13.1031 -14.147 
204883000000 26.6379 10.4505 -3.28298 75.6836 12.0753 81.546 29.3737 -0.34253 87.2904 21.2974 -0.968844 81.9412 37.167 -0.801623 89.2311 43.7053 -3.02553 2.94603 13.1031 -14.147 
204922000000 26.6379 10.4505 -3.28298 75.6836 12.0753 81.546 29.3737 -0.34253 87.2904 21.2974 -0.968844 81.9412 37.167 -0.801623 89.2311 43.7053 -3.02553 2.94603 13.1031 -13.972 
204962000000 26.6379 10.4505 -3.28298 75.6836 12.0753 81.546 29.3737 -0.34253 87.2904 21.2974 -0.968844 81.9412 37.167 -0.801623 89.2311 43.7053 -3.02553 2.94603 13.1031 -13.972 
205000000000 26.6379 10.4505 -3.28298 75.6836 11.8536 81.546 29.3737 -0.34253 87.2904 21.2974 -0.968844 81.9412 37.167 -0.801623 89.2311 43.7053 -3.02553 2.94603 13.1031 -13.972 
205041000000 26.6379 10.4505 -3.28298 75.6836 11.8536 81.546 29.3737 -0.34253 87.2904 21.2974 -0.968844 81.9412 37.167 -0.801623 89.2311 43.7053 -3.02553 2.94603 13.1031 -13.972 
205080000000 26.6379 10.4505 -3.28298 75.6836 11.8536 81.546 29.3737 -0.34253 87.2904 21.2974 -0.968844 81.9412 37.167 -0.801623 89.2311 43.7053 -3.02553 2.94603 13.1031 -13.972 
205109000000 26.6379 10.4505 -3.28298 75.6836 11.8536 81.546 29.3737 -0.34253 87.2904 21.2974 -0.968844 81.9412 37.167 -0.801623 89.2311 43.7053 -3.02553 2.94603 13.1031 -13.972 
205138000000 26.6379 10.4505 -3.28298 75.6836 11.8536 81.546 29.3737 -0.34253 87.2904 21.2974 -0.968844 81.9412 37.167 -0.801623 89.2311 43.7053 -3.02553 2.94603 13.1031 -13.797 
205167000000 26.6379 10.4505 -3.28298 75.6836 11.8536 81.546 29.3737 -0.34253 87.2904 21.2974 -0.968844 81.9412 37.167 -0.801623 90.6228 43.7053 -3.02553 2.94603 13.1031 -13.797 
205196000000 26.6379 10.4505 -3.28298 75.6836 11.8536 81.546 29.3737 -0.34253 87.2904 21.2974 -0.968844 81.9412 37.167 -0.801623 90.6228 43.7053 -3.02553 2.94603 13.1031 -13.797 
205226000000 26.6379 10.4505 -3.28298 75.6836 11.8536 81.546 29.3737 -0.34253 87.2904 21.2974 -0.968844 81.9412 37.167 -0.801623 90.6228 43.7053 -3.02553 2.94603 13.1031 -13.797 
205254000000 26.6379 10.4505 -3.28298 75.6836 11.8536 81.546 29.3737 -0.34253 87.2904 21.2974 -0.968844 81.9412 37.167 -0.801623 90.6228 43.7053 -3.02553 2.94603 13.1031 -13.797 
205299000000 26.6379 10.4505 -3.28298 75.6836 11.8536 81.546 29.3737 -0.34253 87.2904 21.2974 -0.968844 81.9412 37.167 -0.801623 90.6228 43.7053 -3.02553 2.94603 13.1031 -13.797 
205330000000 27.0582 10.4505 -3.28298 75.6836 11.8536 81.546 29.3737 -0.34253 87.2904 21.2974 -0.968844 81.9412 37.167 -0.788246 90.6228 43.7053 -2.98863 2.94603 11.9578 -13.797 
205361000000 27.0582 10.4505 -3.28298 75.6836 11.6319 81.546 29.3737 -0.34253 87.2904 21.2974 -0.968844 81.9412 37.167 -0.788246 92.0144 43.7053 -2.98863 2.94603 13.1031 -13.797 
205392000000 27.0582 10.4505 -3.28298 75.6836 11.6319 81.546 29.3737 -0.34253 87.2904 21.2974 -0.968844 81.9412 37.167 -0.788246 92.0144 43.7053 -2.98863 2.94603 13.1031 -13.797 
205425000000 27.0582 10.4505 -3.28298 75.6836 11.6319 81.546 29.3737 -0.34253 87.2904 21.2974 -0.968844 81.9412 37.167 -0.788246 92.0144 43.7053 -2.98863 2.94603 13.1031 -13.797 
205457000000 27.0582 10.4505 -3.28298 75.6836 11.6319 81.546 29.3737 -0.34253 87.2904 21.2974 -0.968844 81.9412 37.167 -0.788246 92.0144 43.7053 -2.98863 2.94603 13.1031 -14.147 
205490000000 27.0582 10.4505 -3.28298 75.6836 11.6319 81.546 29.3737 -0.34253 87.2904 21.2974 -0.968844 81.9412 37.167 -0.788246 92.0144 43.7053 -2.98863 2.94603 13.1031 -13.972 
205522000000 27.0582 10.4505 -3.28298 75.6836 11.6319 81.546 29.3737 -0.34253 87.2904 21.2974 -0.968844 81.9412 37.167 -0.788246 92.0144 43.7053 -2.98863 2.94603 13.1031 -14.147 
205564000000 26.6379 10.4505 -3.28298 75.6836 11.6319 81.546 29.3737 -0.34253 87.2904 21.2974 -0.968844 81.9412 37.167 -0.788246 92.0144 42.8532 -2.98863 2.94603 13.1031 -14.147 
205604000000 26.6379 10.4505 -3.28298 75.6836 11.6319 81.546 29.3737 -0.34253 87.2904 21.2974 -0.968844 81.9412 37.167 -0.788246 92.0144 42.8532 -2.98863 2.94603 13.1031 -13.972 
205644000000 26.6379 10.4505 -3.28298 75.6836 11.6319 81.546 29.3737 -0.34253 87.2904 21.2974 -0.968844 81.9412 37.167 -0.788246 92.0144 42.8532 -2.98863 2.94603 13.1031 -13.972 
205685000000 26.6379 10.4505 -3.40002 75.031 11.6319 81.546 29.3737 -0.568483 87.2904 21.2974 -0.968844 81.9412 37.167 -0.788246 92.0144 42.8532 -2.98863 2.94603 11.9578 -13.972 
