#time#THJ1#THJ2#THJ3#THJ4#THJ5#FFJ0#FFJ3#FFJ4#MFJ0#MFJ3#MFJ4#RFJ0#RFJ3#RFJ4#LFJ0#LFJ3#LFJ4#LFJ5#WRJ1#WRJ2
66052000000 9.82287 6.42144 -10.6604 41.0975 -6.54632 13.7522 0 -6.44326 19.139 0 -0.447863 15.1712 0 0.408153 0 8.76716 0.195121 2.94603 8.52183 -16.0717 
66096000000 9.82287 6.42144 -10.6604 41.0975 -6.54632 13.7522 0 -6.44326 19.139 0 -0.447863 15.1712 0 0.408153 0 8.76716 0.195121 2.94603 6.23121 -16.2467 
66132000000 9.82287 6.42144 -10.6604 41.0975 -6.54632 13.7522 0 -6.44326 19.139 0 -0.447863 15.1712 0 0.408153 0 8.76716 0.195121 2.94603 8.52183 -16.2467 
66168000000 9.82287 6.42144 -10.6604 41.0975 -6.32463 13.7522 0 -6.44326 19.139 0 -0.447863 15.1712 0 0.42153 0 8.76716 0.232025 2.94603 8.52183 -16.2467 
66208000000 9.82287 6.42144 -10.6604 41.0975 -6.32463 13.7522 0 -6.44326 19.139 0 -0.447863 15.1712 0 0.42153 0 8.76716 0.232025 2.94603 8.52183 -15.8968 
66249000000 9.82287 6.42144 -10.6604 41.0975 -6.32463 13.7522 0 -5.99135 19.139 0 -0.447863 15.1712 0 0.42153 0 8.76716 0.232025 2.94603 8.52183 -15.8968 
66288000000 9.82287 6.42144 -10.6604 41.0975 -6.32463 13.7522 0 -5.99135 19.139 0 -0.447863 15.1712 0 0.42153 0 8.76716 0.232025 2.94603 8.52183 -16.0717 
66291000000 9.82287 6.42144 -10.6604 41.0975 -6.32463 13.7522 0 -5.99135 19.139 0 -0.447863 15.1712 0 0.42153 0 8.76716 0.232025 2.94603 8.52183 -16.2467 
66328000000 9.82287 6.42144 -10.6604 41.0975 -6.32463 13.7522 0 -5.99135 19.139 0 -0.447863 15.1712 0 0.434906 0 8.76716 0.268929 2.94603 8.52183 -16.4217 
66353000000 9.82287 6.42144 -10.6604 41.0975 -6.32463 13.7522 0 -5.99135 19.139 0 -0.447863 15.1712 0 0.434906 0 8.76716 0.268929 2.94603 8.52183 -16.5967 
66389000000 9.82287 5.91781 -10.8072 41.0975 -6.32463 13.7522 0 -5.99135 19.139 0 -0.447863 15.1712 0 0.434906 0 8.76716 0.268929 2.94603 8.52183 -16.5967 
66430000000 9.82287 5.91781 -10.8072 41.0975 -6.32463 13.7522 0 -5.99135 19.139 0 -0.389976 15.1712 0 0.555949 0 8.76716 0.589875 2.94603 8.52183 -16.7717 
66470000000 9.82287 5.91781 -10.8072 41.0975 -6.32463 13.7522 0 -5.99135 19.139 0 -0.389976 15.1712 0 0.555949 0 8.76716 0.589875 2.94603 8.52183 -16.9466 
66509000000 9.82287 5.91781 -10.5731 42.4026 -5.43789 13.7522 0 -5.53945 19.139 0 -0.389976 15.1712 0 0.555949 0 8.76716 0.589875 2.94603 8.52183 -17.8215 
66551000000 9.82287 4.91053 -10.5155 44.3603 -4.99452 15.0559 0 -5.53945 19.139 0 -0.563637 15.1712 0 0.23295 0 7.06286 -0.262252 2.94603 5.65855 -19.3963 
66592000000 8.98212 4.4069 -10.0771 47.6231 -4.10777 15.0559 0 -5.53945 19.139 0 -0.67941 15.1712 0 -0.00913553 0 8.76716 -0.904145 2.94603 6.23121 -20.7962 
66632000000 7.721 3.90326 -9.28753 52.8437 -1.89091 15.0559 0 -5.99135 19.139 0 -0.737297 15.1712 0 -0.130178 2.94673 11.3236 -1.22509 2.94603 7.37652 -21.671 
66672000000 6.88025 3.90326 -8.46823 57.4117 -0.117424 15.0559 0 -6.2173 19.139 0 -0.85307 15.1712 0 -0.399017 4.33841 13.0279 -1.94079 2.94603 7.37652 -22.371 
66711000000 7.30062 4.91053 -7.23834 62.6322 2.09943 15.0559 0 -6.89516 19.139 0 -1.02673 15.1712 0 -0.762147 7.12178 15.5844 -2.90363 2.94603 7.94918 -22.8959 
66751000000 8.98212 6.92508 -5.94899 66.5476 3.65123 15.0559 0 -7.34707 22.6641 0 -1.02673 19.3443 0 -0.775524 11.2968 18.1408 -2.94054 2.94603 7.94918 -23.2458 
66759000000 11.084 8.93962 -4.65964 70.463 5.20304 17.6633 0 -7.79898 27.3642 0 -0.968844 24.9085 4.56499 -0.654481 23.822 20.6973 -2.61959 2.94603 6.80387 -23.0709 
66794000000 12.3451 10.4505 -3.98523 71.7682 6.31147 20.2708 0 -8.02493 32.0643 0 -0.910957 30.4727 9.99866 -0.533437 33.5638 23.2537 -2.29864 2.94603 6.23121 -23.4208 
66808000000 13.6062 11.9614 -3.31083 73.0733 7.19821 25.4857 0.647489 -8.25088 37.9394 0 -0.910957 36.0368 13.6211 -0.533437 43.3055 24.958 -2.29864 2.94603 6.80387 -23.9458 
66846000000 14.0266 12.9687 -2.90024 73.7259 7.4199 33.3081 3.18215 -8.02493 43.8145 0.229008 -0.795184 41.601 13.6211 -0.291351 47.4806 25.8102 -1.65675 2.94603 6.23121 -24.1207 
66887000000 14.8674 13.4723 -2.63643 74.3784 7.86327 39.8267 8.25147 -7.57302 50.8646 4.91088 -0.563637 45.7741 19.0548 0.192821 53.0473 26.6623 -0.372964 2.94603 6.23121 -24.1207 
66927000000 15.2877 13.976 -2.37261 75.031 8.52833 45.0416 9.94124 -6.89516 54.3897 8.42228 -0.563637 48.5562 22.6772 0.192821 58.6141 28.3666 -0.372964 2.94603 6.80387 -24.4707 
66967000000 16.5489 14.4796 -2.10879 75.6836 8.9717 50.2565 10.7861 -6.44326 57.9148 8.42228 -0.563637 54.1204 22.6772 0.192821 66.9641 29.2188 -0.372964 2.94603 7.37652 -24.6457 
67007000000 18.6507 15.4869 -1.6982 76.3361 9.19338 59.3826 12.4759 -5.53945 63.7899 9.59275 -0.563637 59.6846 22.6772 0.166068 73.9226 30.0709 -0.446772 2.94603 7.37652 -24.8206 
67046000000 19.9119 15.9905 -1.31735 77.6413 9.85844 65.9012 15.8555 -3.50587 69.665 13.1041 -0.447863 63.8577 22.6772 0.394777 78.0976 31.7752 0.158217 2.94603 7.94918 -25.1706 
67053000000 20.7526 16.4942 -1.17057 77.6413 10.0801 71.1161 16.7003 -2.60206 72.0151 11.9337 -0.447863 66.6398 22.6772 0.3814 79.4893 32.6274 0.121313 2.94603 9.66714 -24.8206 
67087000000 22.8545 16.9978 -1.0238 77.6413 10.0801 77.6348 17.5452 -1.69825 76.7152 13.1041 -0.447863 69.4218 22.6772 0.3814 83.6643 33.4795 0.121313 2.94603 9.66714 -24.1207 
67110000000 23.6952 18.0051 -0.730254 77.6413 10.0801 85.4572 18.3901 -1.02039 80.2402 14.2746 -0.447863 73.595 26.2997 0.3814 86.4477 34.3317 0.121313 2.94603 9.09449 -23.7708 
67162000000 24.9564 18.5087 -0.583481 77.6413 10.5235 90.6721 22.6146 -1.02039 83.7653 17.786 -0.447863 76.3771 28.1109 0.3814 90.6228 35.1838 0.121313 2.94603 7.94918 -23.7708 
67197000000 25.7971 18.5087 -0.583481 77.6413 10.9669 93.2795 22.6146 -1.02039 84.9403 17.786 -0.447863 77.7681 28.1109 0.3814 92.0144 35.1838 0.121313 2.94603 9.09449 -23.7708 
67237000000 26.6379 18.5087 -0.817567 76.3361 11.1886 94.5832 22.6146 -0.568483 86.1153 17.786 -0.447863 79.1591 28.1109 0.3814 93.4061 35.1838 0.121313 2.94603 7.94918 -23.7708 
67277000000 27.0582 17.5014 -1.11111 76.3361 11.4102 94.5832 22.6146 -0.34253 87.2904 17.786 -0.447863 80.5502 28.1109 0.3814 94.7978 35.1838 0.121313 2.94603 9.09449 -23.7708 
67316000000 27.4786 16.4942 -1.40466 76.3361 11.6319 97.1907 22.6146 -0.116577 87.2904 17.786 -0.563637 81.9412 28.1109 0.112561 94.7978 35.1838 -0.594387 2.94603 7.94918 -23.4208 
67355000000 28.3194 15.4869 -1.6982 76.3361 12.0753 98.4944 22.6146 0.335328 87.2904 17.786 -0.563637 81.9412 28.1109 0.0991849 94.7978 35.1838 -0.631291 2.94603 9.09449 -23.4208 
67398000000 28.3194 14.9832 -2.07906 75.031 12.297 98.4944 20.9248 0.561281 87.2904 18.9565 -0.621523 81.9412 28.1109 -0.021858 94.7978 35.1838 -0.952237 2.94603 9.66714 -23.5958 
67437000000 28.7397 14.4796 -2.22584 75.031 12.5187 98.4944 20.9248 0.561281 87.2904 18.9565 -0.621523 81.9412 28.1109 -0.00848147 94.7978 35.1838 -0.915334 2.94603 9.66714 -23.7708 
67478000000 28.7397 13.4723 -2.51938 75.031 12.962 98.4944 21.7697 0.787234 87.2904 18.9565 -0.621523 81.9412 28.1109 -0.021858 97.5812 36.036 -0.952237 2.94603 9.66714 -23.9458 
67520000000 28.7397 12.9687 -2.66615 75.031 12.962 98.4944 21.7697 0.787234 87.2904 18.9565 -0.621523 81.9412 28.1109 -0.021858 97.5812 36.036 -0.952237 2.94603 9.66714 -23.9458 
67563000000 28.7397 12.9687 -2.66615 75.031 13.1837 98.4944 21.7697 0.787234 87.2904 18.9565 -0.621523 83.3323 28.1109 -0.0352345 97.5812 36.036 -0.989141 2.94603 9.66714 -23.9458 
67599000000 28.7397 12.9687 -2.66615 75.031 13.1837 98.4944 21.7697 0.787234 87.2904 18.9565 -0.621523 83.3323 28.1109 -0.0352345 97.5812 36.036 -0.989141 2.94603 9.66714 -23.9458 
67642000000 28.7397 12.9687 -2.66615 75.031 13.1837 98.4944 21.7697 0.787234 87.2904 18.9565 -0.621523 83.3323 28.1109 -0.0352345 97.5812 36.036 -0.989141 2.94603 9.66714 -23.9458 
67679000000 28.7397 12.9687 -2.90024 73.7259 13.1837 95.887 21.7697 0.787234 87.2904 18.9565 -0.67941 83.3323 28.1109 -0.156277 97.5812 36.036 -1.31009 2.94603 9.66714 -23.9458 
67689000000 28.7397 12.9687 -2.90024 73.7259 13.1837 95.887 21.7697 0.787234 87.2904 18.9565 -0.67941 83.3323 28.1109 -0.156277 97.5812 36.036 -1.31009 2.94603 10.2398 -23.9458 
67719000000 28.7397 12.9687 -2.90024 73.7259 13.1837 95.887 21.7697 0.787234 87.2904 18.9565 -0.67941 83.3323 28.1109 -0.156277 97.5812 36.036 -1.31009 2.94603 10.2398 -23.9458 
67737000000 28.7397 12.9687 -2.90024 73.7259 13.1837 95.887 21.7697 0.787234 87.2904 18.9565 -0.67941 83.3323 28.1109 -0.156277 97.5812 36.036 -1.31009 2.94603 10.2398 -23.9458 
67780000000 28.7397 12.4651 -3.04701 73.7259 13.1837 95.887 21.7697 0.787234 87.2904 18.9565 -0.67941 83.3323 28.1109 -0.156277 97.5812 36.036 -1.31009 2.94603 10.2398 -23.9458 
67820000000 29.1601 12.4651 -3.04701 73.7259 12.7404 95.887 21.7697 0.561281 87.2904 18.9565 -0.67941 83.3323 28.1109 -0.156277 97.5812 36.036 -1.31009 2.94603 10.2398 -23.9458 
67861000000 29.1601 12.4651 -3.04701 73.7259 12.7404 95.887 21.7697 0.561281 87.2904 18.9565 -0.67941 83.3323 28.1109 -0.156277 97.5812 36.036 -1.31009 2.94603 10.2398 -23.5958 
67900000000 29.1601 12.4651 -3.04701 73.7259 12.7404 95.887 21.7697 0.561281 87.2904 18.9565 -0.67941 83.3323 28.1109 -0.156277 97.5812 36.8881 -1.31009 2.94603 10.2398 -23.4208 
67944000000 29.1601 12.4651 -3.04701 73.7259 12.7404 95.887 21.7697 0.561281 87.2904 18.9565 -0.67941 83.3323 28.1109 -0.156277 97.5812 36.8881 -1.31009 2.94603 8.52183 -23.2458 
67986000000 29.1601 11.9614 -3.19379 73.7259 12.7404 95.887 21.7697 0.109375 87.2904 18.9565 -0.67941 83.3323 28.1109 -0.156277 97.5812 36.8881 -1.31009 2.94603 10.2398 -23.2458 
68021000000 29.1601 11.9614 -3.31083 73.0733 12.7404 95.887 21.7697 0.109375 87.2904 18.9565 -0.67941 83.3323 28.1109 -0.169654 97.5812 36.8881 -1.34699 2.94603 9.66714 -23.2458 
68062000000 29.1601 11.9614 -3.31083 73.0733 12.7404 95.887 21.7697 0.109375 87.2904 18.9565 -0.67941 83.3323 28.1109 -0.169654 98.9728 36.8881 -1.34699 2.94603 8.52183 -23.2458 
68101000000 29.1601 11.9614 -3.31083 73.0733 12.5187 95.887 21.7697 0.109375 87.2904 18.9565 -0.67941 83.3323 28.1109 -0.169654 98.9728 36.8881 -1.34699 2.94603 9.66714 -23.2458 
68140000000 29.1601 11.9614 -3.31083 73.0733 12.5187 95.887 21.7697 0.109375 87.2904 18.9565 -0.67941 83.3323 28.1109 -0.169654 98.9728 36.8881 -1.34699 2.94603 9.66714 -23.2458 
68185000000 29.1601 11.9614 -3.31083 73.0733 12.5187 95.887 20.9248 0.109375 87.2904 18.9565 -0.67941 83.3323 28.1109 -0.169654 98.9728 36.8881 -1.34699 2.94603 9.66714 -23.2458 
68224000000 29.1601 11.9614 -3.31083 73.0733 12.5187 95.887 20.9248 0.109375 87.2904 18.9565 -0.67941 83.3323 28.1109 -0.169654 98.9728 36.036 -1.34699 2.94603 9.66714 -23.2458 
68262000000 29.1601 11.9614 -3.31083 73.0733 12.5187 95.887 20.9248 0.109375 87.2904 18.9565 -0.67941 83.3323 28.1109 -0.169654 98.9728 36.036 -1.34699 2.94603 9.66714 -23.2458 
68307000000 29.1601 11.9614 -3.31083 73.0733 12.297 95.887 20.9248 0.109375 87.2904 18.9565 -0.67941 83.3323 28.1109 -0.169654 98.9728 36.036 -1.34699 2.94603 9.66714 -23.2458 
68337000000 29.1601 11.9614 -3.31083 73.0733 12.297 95.887 20.9248 -0.116577 87.2904 17.786 -0.67941 83.3323 28.1109 -0.169654 98.9728 36.036 -1.34699 2.94603 9.66714 -22.8959 
68383000000 29.1601 12.4651 -3.16406 73.0733 12.297 95.887 20.9248 -0.116577 88.4654 17.786 -0.67941 83.3323 28.1109 -0.169654 98.9728 36.036 -1.34699 2.94603 7.94918 -22.8959 
68424000000 29.1601 12.4651 -3.16406 73.0733 12.297 95.887 20.9248 -0.116577 88.4654 17.786 -0.67941 83.3323 28.1109 -0.169654 98.9728 36.036 -1.34699 2.94603 9.09449 -22.8959 
68464000000 29.1601 12.4651 -3.2811 72.4207 12.297 95.887 20.9248 -0.116577 88.4654 17.786 -0.67941 83.3323 28.1109 -0.169654 98.9728 36.036 -1.34699 2.94603 9.09449 -22.8959 
68478000000 29.1601 12.4651 -3.2811 72.4207 12.297 95.887 20.9248 -0.116577 88.4654 17.786 -0.67941 83.3323 28.1109 -0.169654 98.9728 36.036 -1.34699 2.94603 9.09449 -22.8959 
68502000000 29.1601 12.4651 -3.2811 72.4207 12.297 95.887 20.9248 -0.568483 88.4654 17.786 -0.67941 83.3323 28.1109 -0.169654 98.9728 36.036 -1.34699 2.94603 9.09449 -22.8959 
68517000000 29.1601 12.4651 -3.2811 72.4207 12.0753 95.887 20.9248 -0.568483 88.4654 17.786 -0.67941 83.3323 28.1109 -0.169654 98.9728 36.036 -1.34699 2.94603 9.09449 -22.8959 
68545000000 29.1601 12.4651 -3.2811 72.4207 12.0753 95.887 20.9248 -0.568483 88.4654 17.786 -0.67941 83.3323 28.1109 -0.169654 98.9728 36.036 -1.34699 2.94603 9.09449 -22.8959 
68560000000 29.1601 12.4651 -3.2811 72.4207 12.0753 95.887 20.9248 -0.568483 88.4654 17.786 -0.67941 83.3323 28.1109 -0.169654 98.9728 36.036 -1.34699 2.94603 9.09449 -22.5459 
68604000000 29.1601 12.4651 -3.2811 72.4207 12.0753 95.887 20.9248 -0.568483 88.4654 17.786 -0.67941 83.3323 28.1109 -0.156277 100.365 36.036 -1.31009 2.94603 9.09449 -22.5459 
68645000000 29.1601 12.4651 -3.2811 72.4207 12.0753 95.887 20.9248 -0.568483 88.4654 17.786 -0.67941 83.3323 28.1109 -0.156277 100.365 35.1838 -1.31009 2.94603 9.09449 -22.371 
68688000000 29.1601 12.4651 -3.2811 72.4207 12.0753 95.887 20.9248 -0.568483 88.4654 17.786 -0.67941 83.3323 28.1109 -0.156277 100.365 35.1838 -1.31009 2.94603 9.09449 -22.371 
68726000000 29.1601 12.4651 -3.2811 72.4207 12.0753 95.887 20.9248 -0.568483 88.4654 17.786 -0.67941 83.3323 28.1109 -0.156277 100.365 35.1838 -1.31009 2.94603 9.09449 -22.371 
68769000000 29.1601 12.4651 -3.2811 72.4207 12.0753 95.887 20.9248 -0.568483 88.4654 17.786 -0.67941 83.3323 28.1109 -0.156277 100.365 35.1838 -1.31009 2.94603 9.09449 -22.371 
68804000000 29.1601 12.4651 -3.2811 72.4207 12.0753 95.887 20.9248 -0.568483 88.4654 17.786 -0.67941 83.3323 28.1109 -0.156277 100.365 35.1838 -1.31009 2.94603 9.09449 -22.371 
68819000000 29.1601 12.4651 -3.2811 72.4207 12.0753 95.887 20.9248 -0.568483 88.4654 17.786 -0.67941 83.3323 28.1109 -0.156277 100.365 35.1838 -1.31009 2.94603 9.09449 -22.371 
68848000000 29.1601 12.4651 -3.2811 72.4207 12.0753 95.887 20.9248 -0.568483 88.4654 17.786 -0.67941 83.3323 28.1109 -0.156277 100.365 35.1838 -1.31009 2.94603 9.09449 -22.371 
68862000000 29.1601 12.4651 -3.2811 72.4207 12.0753 95.887 20.9248 -0.568483 88.4654 17.786 -0.67941 83.3323 28.1109 -0.156277 100.365 35.1838 -1.31009 2.94603 7.37652 -22.371 
68894000000 29.1601 12.4651 -3.2811 72.4207 12.0753 95.887 20.9248 -0.568483 88.4654 16.6155 -0.67941 83.3323 28.1109 -0.156277 100.365 35.1838 -1.31009 2.94603 9.09449 -22.371 
68934000000 29.1601 12.4651 -3.2811 72.4207 12.0753 95.887 20.9248 -0.794436 88.4654 16.6155 -0.67941 83.3323 28.1109 -0.156277 100.365 35.1838 -1.31009 2.94603 9.09449 -22.021 
68975000000 29.1601 12.4651 -3.2811 72.4207 12.0753 95.887 20.9248 -0.794436 88.4654 16.6155 -0.67941 83.3323 28.1109 -0.156277 101.756 35.1838 -1.31009 2.94603 9.09449 -22.196 
69014000000 29.1601 12.4651 -3.2811 72.4207 12.0753 95.887 20.9248 -0.794436 88.4654 16.6155 -0.67941 83.3323 28.1109 -0.156277 101.756 35.1838 -1.31009 2.94603 9.09449 -22.021 
69055000000 29.1601 12.4651 -3.2811 72.4207 12.0753 95.887 20.0799 -0.794436 88.4654 16.6155 -0.67941 83.3323 28.1109 -0.156277 101.756 35.1838 -1.31009 2.94603 9.09449 -22.021 
69095000000 29.1601 12.4651 -3.2811 72.4207 12.0753 95.887 20.0799 -0.794436 88.4654 16.6155 -0.67941 83.3323 28.1109 -0.169654 101.756 35.1838 -1.34699 2.94603 9.09449 -22.021 
69111000000 29.1601 12.4651 -3.2811 72.4207 12.0753 95.887 20.0799 -0.794436 88.4654 16.6155 -0.67941 83.3323 28.1109 -0.169654 101.756 35.1838 -1.34699 2.94603 9.09449 -22.021 
69138000000 29.1601 12.4651 -3.2811 72.4207 11.8536 95.887 20.0799 -0.794436 88.4654 16.6155 -0.67941 83.3323 28.1109 -0.169654 101.756 35.1838 -1.34699 2.94603 9.09449 -22.021 
69155000000 29.1601 12.4651 -3.2811 72.4207 11.8536 95.887 20.0799 -0.794436 88.4654 16.6155 -0.67941 83.3323 28.1109 -0.169654 101.756 35.1838 -1.34699 2.94603 9.09449 -22.021 
69193000000 29.1601 12.4651 -3.2811 72.4207 11.8536 95.887 20.0799 -0.794436 88.4654 16.6155 -0.67941 83.3323 28.1109 -0.169654 101.756 35.1838 -1.34699 2.94603 9.09449 -22.021 
69233000000 29.1601 12.4651 -3.2811 72.4207 11.8536 95.887 20.0799 -0.794436 88.4654 16.6155 -0.67941 83.3323 28.1109 -0.169654 101.756 34.3317 -1.34699 2.94603 9.09449 -22.021 
69276000000 29.1601 12.4651 -3.2811 72.4207 11.8536 95.887 20.0799 -0.794436 88.4654 16.6155 -0.67941 83.3323 28.1109 -0.169654 101.756 34.3317 -1.34699 2.94603 9.09449 -22.021 
69316000000 29.1601 12.4651 -3.2811 72.4207 11.8536 95.887 20.0799 -0.794436 88.4654 16.6155 -0.67941 83.3323 28.1109 -0.169654 101.756 34.3317 -1.34699 2.94603 9.09449 -21.671 
69363000000 29.1601 12.4651 -3.2811 72.4207 11.8536 95.887 20.0799 -1.02039 88.4654 16.6155 -0.67941 83.3323 28.1109 -0.169654 101.756 34.3317 -1.34699 2.94603 9.09449 -21.671 
69396000000 29.1601 12.4651 -3.2811 72.4207 11.8536 95.887 20.0799 -1.02039 88.4654 16.6155 -0.67941 83.3323 28.1109 -0.169654 103.148 34.3317 -1.34699 2.94603 9.09449 -21.671 
69415000000 29.1601 12.4651 -3.2811 72.4207 11.8536 95.887 20.0799 -1.02039 88.4654 16.6155 -0.67941 83.3323 26.2997 -0.169654 103.148 34.3317 -1.34699 2.94603 9.09449 -21.4961 
69434000000 29.1601 12.4651 -3.39814 71.7682 11.8536 95.887 20.0799 -1.02039 88.4654 16.6155 -0.67941 83.3323 26.2997 -0.169654 103.148 34.3317 -1.34699 2.94603 9.09449 -21.4961 
69467000000 29.1601 12.4651 -3.39814 71.7682 11.8536 95.887 20.0799 -1.02039 88.4654 16.6155 -0.67941 83.3323 26.2997 -0.169654 103.148 34.3317 -1.34699 2.94603 9.09449 -21.4961 
69507000000 29.1601 12.4651 -3.39814 71.7682 11.8536 95.887 20.0799 -1.02039 88.4654 16.6155 -0.67941 83.3323 26.2997 -0.169654 103.148 34.3317 -1.34699 2.94603 9.09449 -21.846 
69547000000 29.1601 12.4651 -3.39814 71.7682 11.8536 95.887 20.0799 -1.02039 88.4654 16.6155 -0.67941 83.3323 26.2997 -0.169654 103.148 34.3317 -1.34699 2.94603 9.09449 -21.846 
69585000000 29.1601 12.4651 -3.39814 71.7682 11.8536 95.887 20.0799 -1.02039 88.4654 16.6155 -0.67941 83.3323 26.2997 -0.169654 103.148 34.3317 -1.34699 2.94603 9.09449 -21.846 
69626000000 29.1601 12.4651 -3.39814 71.7682 11.8536 95.887 20.0799 -1.02039 88.4654 16.6155 -0.67941 83.3323 26.2997 -0.169654 103.148 34.3317 -1.34699 2.94603 9.09449 -21.846 
69673000000 29.1601 12.4651 -3.39814 71.7682 11.8536 95.887 20.0799 -1.02039 88.4654 16.6155 -0.737297 83.3323 26.2997 -0.290697 103.148 34.3317 -1.66794 2.94603 9.09449 -21.846 
69708000000 29.1601 12.4651 -3.39814 71.7682 11.8536 95.887 20.0799 -1.02039 88.4654 16.6155 -0.737297 83.3323 26.2997 -0.290697 103.148 34.3317 -1.66794 2.94603 9.09449 -21.846 
69729000000 29.1601 12.4651 -3.39814 71.7682 11.8536 95.887 20.0799 -1.02039 88.4654 16.6155 -0.737297 83.3323 26.2997 -0.290697 103.148 34.3317 -1.66794 2.94603 9.09449 -21.846 
69750000000 29.1601 12.4651 -3.39814 71.7682 11.8536 95.887 20.0799 -1.02039 88.4654 16.6155 -0.737297 83.3323 26.2997 -0.290697 103.148 34.3317 -1.66794 2.94603 9.09449 -21.846 
69771000000 29.1601 12.4651 -3.39814 71.7682 11.8536 95.887 20.0799 -1.02039 88.4654 16.6155 -0.737297 83.3323 26.2997 -0.290697 103.148 34.3317 -1.66794 2.94603 9.09449 -21.846 
69793000000 29.1601 12.4651 -3.39814 71.7682 11.8536 95.887 20.0799 -1.02039 88.4654 15.4451 -0.737297 83.3323 26.2997 -0.290697 103.148 34.3317 -1.66794 2.94603 9.09449 -21.846 
69841000000 29.1601 12.4651 -3.39814 71.7682 11.8536 95.887 20.0799 -1.24634 88.4654 15.4451 -0.737297 83.3323 26.2997 -0.304073 103.148 34.3317 -1.70484 2.94603 9.09449 -21.846 
69881000000 29.1601 12.4651 -3.39814 71.7682 11.8536 95.887 20.0799 -1.24634 88.4654 15.4451 -0.737297 83.3323 26.2997 -0.304073 103.148 34.3317 -1.70484 2.94603 9.09449 -21.846 
69917000000 29.1601 12.4651 -3.39814 71.7682 11.8536 95.887 20.0799 -1.24634 88.4654 15.4451 -0.737297 83.3323 26.2997 -0.304073 103.148 34.3317 -1.70484 2.94603 9.09449 -21.846 
69963000000 29.1601 12.4651 -3.39814 71.7682 11.8536 95.887 20.0799 -1.24634 88.4654 15.4451 -0.737297 83.3323 26.2997 -0.304073 103.148 34.3317 -1.70484 2.94603 9.09449 -21.846 
69999000000 29.1601 12.4651 -3.39814 71.7682 11.8536 95.887 20.0799 -1.24634 88.4654 15.4451 -0.737297 83.3323 26.2997 -0.304073 103.148 34.3317 -1.70484 2.94603 9.09449 -21.846 
70021000000 29.1601 12.4651 -3.39814 71.7682 11.8536 95.887 20.0799 -1.24634 88.4654 15.4451 -0.737297 83.3323 26.2997 -0.304073 103.148 34.3317 -1.70484 2.94603 9.09449 -21.846 
70043000000 29.1601 12.4651 -3.39814 71.7682 11.8536 95.887 20.0799 -1.24634 88.4654 15.4451 -0.737297 83.3323 26.2997 -0.304073 103.148 34.3317 -1.70484 2.94603 9.09449 -21.846 
70065000000 29.1601 12.4651 -3.39814 71.7682 11.8536 95.887 20.0799 -1.24634 88.4654 15.4451 -0.737297 83.3323 26.2997 -0.304073 103.148 34.3317 -1.70484 2.94603 9.09449 -21.846 
70101000000 29.1601 12.4651 -3.39814 71.7682 11.8536 95.887 19.235 -1.24634 88.4654 15.4451 -0.737297 83.3323 26.2997 -0.304073 103.148 34.3317 -1.70484 2.94603 9.09449 -21.846 
70142000000 29.1601 12.4651 -3.39814 71.7682 11.8536 95.887 19.235 -1.24634 88.4654 15.4451 -0.737297 83.3323 26.2997 -0.304073 103.148 34.3317 -1.70484 2.94603 9.09449 -21.846 
70182000000 29.1601 12.4651 -3.39814 71.7682 11.8536 95.887 19.235 -1.24634 88.4654 15.4451 -0.737297 83.3323 26.2997 -0.304073 103.148 34.3317 -1.70484 2.94603 9.09449 -21.846 
70228000000 29.1601 12.4651 -3.39814 71.7682 11.8536 95.887 19.235 -1.24634 88.4654 15.4451 -0.737297 83.3323 26.2997 -0.304073 103.148 34.3317 -1.70484 2.94603 9.09449 -21.846 
70257000000 29.1601 12.4651 -3.39814 71.7682 11.8536 95.887 19.235 -1.24634 88.4654 15.4451 -0.737297 83.3323 26.2997 -0.304073 103.148 34.3317 -1.70484 2.94603 9.09449 -21.846 
70300000000 29.1601 12.4651 -3.39814 71.7682 11.8536 95.887 19.235 -1.24634 88.4654 15.4451 -0.737297 83.3323 26.2997 -0.304073 103.148 34.3317 -1.70484 2.94603 7.37652 -21.846 
70323000000 29.1601 12.4651 -3.39814 71.7682 11.8536 95.887 19.235 -1.24634 88.4654 15.4451 -0.737297 83.3323 26.2997 -0.304073 103.148 34.3317 -1.70484 2.94603 9.66714 -21.846 
70348000000 29.1601 12.4651 -3.39814 71.7682 11.8536 95.887 19.235 -1.24634 88.4654 15.4451 -0.737297 83.3323 26.2997 -0.304073 103.148 34.3317 -1.70484 2.94603 9.66714 -21.846 
70373000000 29.1601 12.4651 -3.39814 71.7682 11.8536 95.887 19.235 -1.24634 88.4654 15.4451 -0.737297 83.3323 26.2997 -0.304073 103.148 34.3317 -1.70484 2.94603 9.09449 -21.846 
70426000000 29.1601 12.4651 -3.39814 71.7682 11.8536 95.887 19.235 -1.24634 88.4654 15.4451 -0.737297 83.3323 26.2997 -0.304073 103.148 34.3317 -1.70484 2.94603 9.66714 -21.846 
70458000000 29.1601 12.4651 -3.39814 71.7682 11.8536 95.887 19.235 -1.24634 88.4654 15.4451 -0.737297 83.3323 26.2997 -0.304073 103.148 34.3317 -1.70484 2.94603 9.66714 -21.846 
70498000000 29.1601 12.4651 -3.39814 71.7682 11.8536 95.887 19.235 -1.24634 88.4654 15.4451 -0.737297 83.3323 26.2997 -0.304073 103.148 34.3317 -1.70484 2.94603 9.09449 -21.846 
70544000000 29.1601 12.4651 -3.39814 71.7682 11.8536 95.887 19.235 -1.24634 88.4654 15.4451 -0.737297 83.3323 26.2997 -0.304073 103.148 34.3317 -1.70484 2.94603 9.66714 -21.846 
70585000000 29.1601 12.4651 -3.39814 71.7682 11.8536 95.887 19.235 -1.24634 88.4654 15.4451 -0.737297 83.3323 26.2997 -0.304073 103.148 34.3317 -1.70484 2.94603 9.09449 -21.846 
70620000000 29.1601 12.4651 -3.39814 71.7682 11.8536 95.887 19.235 -1.24634 88.4654 15.4451 -0.737297 83.3323 26.2997 -0.304073 103.148 34.3317 -1.70484 2.94603 9.66714 -21.846 
70663000000 29.1601 12.4651 -3.39814 71.7682 11.8536 95.887 19.235 -1.24634 88.4654 15.4451 -0.737297 83.3323 26.2997 -0.304073 103.148 34.3317 -1.70484 2.94603 9.09449 -21.846 
70701000000 29.1601 12.4651 -3.39814 71.7682 11.6319 95.887 19.235 -1.24634 88.4654 15.4451 -0.737297 83.3323 26.2997 -0.304073 103.148 34.3317 -1.70484 2.94603 9.09449 -21.846 
70741000000 29.1601 12.4651 -3.39814 71.7682 11.6319 95.887 19.235 -1.24634 88.4654 15.4451 -0.737297 83.3323 26.2997 -0.304073 103.148 34.3317 -1.70484 2.94603 9.09449 -21.671 
70782000000 29.1601 12.4651 -3.39814 71.7682 11.6319 95.887 19.235 -1.24634 88.4654 15.4451 -0.737297 83.3323 26.2997 -0.304073 103.148 34.3317 -1.70484 2.94603 9.09449 -21.671 
70808000000 29.1601 12.4651 -3.39814 71.7682 11.6319 95.887 19.235 -1.24634 88.4654 15.4451 -0.737297 83.3323 26.2997 -0.304073 103.148 34.3317 -1.70484 2.94603 9.09449 -21.671 
70834000000 28.7397 12.4651 -3.39814 71.7682 11.6319 95.887 19.235 -1.24634 88.4654 15.4451 -0.737297 83.3323 26.2997 -0.304073 103.148 34.3317 -1.70484 2.94603 9.09449 -21.671 
70861000000 28.7397 12.4651 -3.39814 71.7682 11.6319 95.887 19.235 -1.24634 88.4654 15.4451 -0.737297 83.3323 26.2997 -0.304073 103.148 34.3317 -1.70484 2.94603 9.09449 -21.671 
70888000000 28.7397 12.4651 -3.39814 71.7682 11.6319 95.887 19.235 -1.24634 88.4654 15.4451 -0.737297 83.3323 26.2997 -0.304073 103.148 34.3317 -1.70484 2.94603 9.09449 -21.671 
70917000000 28.7397 12.4651 -3.39814 71.7682 11.6319 95.887 19.235 -1.24634 88.4654 15.4451 -0.737297 83.3323 26.2997 -0.304073 103.148 34.3317 -1.70484 2.94603 9.09449 -21.671 
70962000000 28.7397 12.4651 -3.39814 71.7682 11.6319 95.887 19.235 -1.24634 88.4654 15.4451 -0.737297 83.3323 26.2997 -0.304073 103.148 34.3317 -1.70484 2.94603 9.09449 -21.671 
71010000000 28.7397 12.4651 -3.39814 71.7682 11.6319 95.887 19.235 -1.24634 88.4654 15.4451 -0.737297 83.3323 26.2997 -0.304073 103.148 34.3317 -1.70484 2.94603 9.09449 -21.671 
71043000000 28.7397 12.4651 -3.39814 71.7682 11.6319 95.887 19.235 -1.24634 88.4654 15.4451 -0.737297 83.3323 26.2997 -0.304073 103.148 34.3317 -1.70484 2.94603 9.09449 -21.671 
71076000000 28.7397 12.4651 -3.39814 71.7682 11.6319 95.887 19.235 -1.24634 88.4654 15.4451 -0.737297 83.3323 26.2997 -0.304073 103.148 34.3317 -1.70484 2.94603 9.09449 -21.671 
71110000000 28.7397 12.4651 -3.39814 71.7682 11.6319 95.887 19.235 -1.24634 88.4654 15.4451 -0.737297 83.3323 26.2997 -0.304073 103.148 34.3317 -1.70484 2.94603 9.09449 -21.671 
71144000000 28.7397 12.4651 -3.39814 71.7682 11.6319 95.887 19.235 -1.24634 88.4654 15.4451 -0.737297 83.3323 26.2997 -0.304073 103.148 34.3317 -1.70484 2.94603 9.09449 -21.671 
71177000000 28.7397 12.4651 -3.39814 71.7682 11.6319 95.887 19.235 -1.24634 88.4654 15.4451 -0.737297 83.3323 26.2997 -0.304073 103.148 34.3317 -1.70484 2.94603 9.09449 -21.671 
71211000000 28.7397 12.4651 -3.39814 71.7682 11.6319 95.887 19.235 -1.24634 88.4654 15.4451 -0.737297 83.3323 26.2997 -0.304073 103.148 34.3317 -1.70484 2.94603 9.66714 -21.671 
71245000000 28.7397 12.4651 -3.39814 71.7682 11.6319 95.887 19.235 -1.24634 88.4654 15.4451 -0.737297 83.3323 26.2997 -0.304073 103.148 34.3317 -1.70484 2.94603 9.66714 -21.671 
71279000000 28.7397 12.4651 -3.39814 71.7682 11.6319 95.887 19.235 -1.24634 88.4654 15.4451 -0.737297 83.3323 26.2997 -0.304073 103.148 34.3317 -1.70484 2.94603 9.66714 -21.671 
71313000000 28.7397 12.4651 -3.39814 71.7682 11.6319 95.887 19.235 -1.24634 88.4654 15.4451 -0.737297 84.7233 26.2997 -0.304073 103.148 34.3317 -1.70484 2.94603 9.66714 -21.671 
71345000000 28.7397 12.4651 -3.39814 71.7682 11.6319 95.887 19.235 -1.24634 88.4654 15.4451 -0.737297 84.7233 26.2997 -0.304073 103.148 34.3317 -1.70484 2.94603 9.66714 -21.671 
71379000000 28.7397 12.4651 -3.39814 71.7682 11.6319 95.887 19.235 -1.24634 88.4654 15.4451 -0.737297 84.7233 26.2997 -0.304073 103.148 34.3317 -1.70484 2.94603 9.66714 -21.671 
71411000000 28.7397 12.4651 -3.39814 71.7682 11.6319 95.887 19.235 -1.24634 88.4654 15.4451 -0.737297 84.7233 26.2997 -0.304073 103.148 34.3317 -1.70484 2.94603 9.66714 -21.671 
71443000000 28.7397 12.4651 -3.39814 71.7682 11.6319 95.887 19.235 -1.24634 88.4654 15.4451 -0.737297 84.7233 26.2997 -0.304073 103.148 34.3317 -1.70484 2.94603 9.66714 -21.671 
71476000000 28.7397 12.4651 -3.39814 71.7682 11.6319 95.887 19.235 -1.24634 88.4654 15.4451 -0.737297 84.7233 26.2997 -0.304073 103.148 34.3317 -1.70484 2.94603 9.66714 -21.671 
71510000000 28.7397 12.4651 -3.39814 71.7682 11.6319 95.887 19.235 -1.24634 88.4654 15.4451 -0.737297 84.7233 26.2997 -0.304073 103.148 34.3317 -1.70484 2.94603 9.66714 -21.671 
