#time#THJ1#THJ2#THJ3#THJ4#THJ5#FFJ0#FFJ3#FFJ4#MFJ0#MFJ3#MFJ4#RFJ0#RFJ3#RFJ4#LFJ0#LFJ3#LFJ4#LFJ5#WRJ1#WRJ2
5055338000000 31.262 32.6105 -3.26234 39.7923 -4.32946 144.125 87.6709 1.23914 114.316 80.9912 0.883533 130.628 156.708 3.70045 161.599 82.0521 8.97924 2.94603 -4.64925 -1.37358 
5055376000000 31.262 32.6105 -3.26234 39.7923 -4.32946 144.125 87.6709 1.23914 114.316 80.9912 0.883533 130.628 156.708 3.70045 161.599 82.0521 8.97924 2.94603 -4.64925 -1.37358 
5055396000000 31.262 32.6105 -3.26234 39.7923 -4.32946 144.125 87.6709 1.23914 114.316 80.9912 0.883533 130.628 156.708 3.70045 161.599 82.0521 8.97924 2.94603 -4.64925 -1.37358 
5055426000000 31.262 32.6105 -3.26234 39.7923 -4.32946 144.125 87.6709 1.23914 114.316 80.9912 0.883533 130.628 156.708 3.70045 161.599 82.0521 8.97924 2.94603 -4.64925 -1.37358 
5055452000000 31.262 32.6105 -3.26234 39.7923 -4.32946 144.125 87.6709 1.23914 114.316 80.9912 0.883533 130.628 156.708 3.70045 161.599 82.0521 8.97924 2.94603 -4.64925 -1.37358 
5055509000000 31.262 32.6105 -3.26234 39.7923 -4.32946 144.125 87.6709 1.23914 114.316 80.9912 0.883533 130.628 156.708 3.70045 161.599 82.0521 8.97924 2.94603 -4.64925 -1.37358 
5055527000000 31.262 32.6105 -3.26234 39.7923 -4.32946 144.125 87.6709 1.23914 114.316 80.9912 0.883533 130.628 156.708 3.70045 161.599 82.0521 8.97924 2.94603 -4.64925 -1.37358 
5055576000000 31.262 32.6105 -3.26234 39.7923 -4.32946 144.125 87.6709 1.23914 114.316 80.9912 0.883533 130.628 156.708 3.70045 161.599 82.0521 8.97924 2.94603 -4.64925 -1.37358 
5055626000000 31.262 32.6105 -3.37939 39.1398 -4.32946 144.125 87.6709 1.23914 114.316 80.9912 0.883533 130.628 156.708 3.70045 161.599 82.0521 8.97924 2.94603 -5.2219 -1.37358 
5055646000000 31.262 32.6105 -3.37939 39.1398 -4.32946 144.125 87.6709 1.46509 114.316 80.9912 0.883533 130.628 156.708 3.70045 161.599 82.0521 8.97924 2.94603 -5.2219 -1.37358 
5055681000000 31.262 32.6105 -3.37939 39.1398 -4.32946 144.125 87.6709 1.46509 114.316 80.9912 0.883533 130.628 156.708 3.70045 161.599 82.0521 8.97924 2.94603 -5.2219 -1.37358 
5055726000000 31.262 32.6105 -3.37939 39.1398 -4.32946 144.125 87.6709 1.46509 114.316 80.9912 0.883533 130.628 156.708 3.70045 161.599 82.0521 8.97924 2.94603 -5.2219 -1.37358 
5055776000000 31.262 32.6105 -3.37939 39.1398 -4.32946 144.125 87.6709 1.46509 114.316 80.9912 0.883533 130.628 156.708 3.70045 161.599 82.0521 8.97924 2.94603 -5.2219 -1.37358 
5055789000000 31.262 32.6105 -3.37939 39.1398 -4.32946 144.125 87.6709 1.46509 114.316 80.9912 0.883533 130.628 156.708 3.70045 161.599 82.0521 8.97924 2.94603 -5.2219 -1.02362 
5055826000000 31.262 32.6105 -3.37939 39.1398 -4.32946 144.125 87.6709 1.46509 114.316 80.9912 0.883533 130.628 156.708 3.70045 160.207 82.0521 8.97924 2.94603 -4.64925 -0.848644 
5055861000000 31.262 32.6105 -3.37939 39.1398 -4.32946 144.125 87.6709 1.46509 114.316 80.9912 0.883533 130.628 156.708 3.70045 160.207 82.0521 8.97924 2.94603 -4.64925 -0.848644 
5055896000000 31.262 32.6105 -3.37939 39.1398 -4.32946 144.125 87.6709 1.46509 114.316 80.9912 0.883533 130.628 156.708 3.70045 160.207 82.0521 8.97924 2.94603 -6.36722 -0.848644 
5055956000000 30.4212 32.6105 -3.1453 40.4449 -3.6644 144.125 85.1362 1.23914 114.316 80.9912 0.883533 127.846 156.708 3.70045 160.207 82.0521 8.97924 2.94603 -4.07659 -1.1986 
5055990000000 29.5805 31.0996 -3.35153 41.75 -2.99934 138.91 81.7567 1.23914 110.791 80.9912 0.76776 119.499 151.274 3.43161 153.248 79.4957 8.26354 2.94603 -5.79456 -1.72353 
5056026000000 27.0582 24.5523 -4.67436 45.0129 -2.33428 129.784 70.7731 1.23914 107.266 75.1389 0.536213 112.544 136.784 2.86718 139.332 73.5306 6.75833 2.94603 -7.51253 -3.82327 
5056074000000 24.9564 20.0196 -5.52715 47.6231 -1.89091 125.873 64.8589 1.23914 104.916 70.457 0.362551 108.371 125.917 2.46392 132.373 70.9742 5.68478 2.94603 -7.51253 -5.04812 
5056085000000 22.8545 16.4942 -6.20343 49.5809 -1.66923 120.658 58.0998 0.787234 100.216 63.4342 0.0731177 102.807 113.238 1.79182 121.24 66.7134 3.89553 2.94603 -9.23049 -6.44794 
5056126000000 19.4915 13.976 -6.11799 54.1488 -1.44754 90.6721 36.9776 -2.37611 81.4152 43.5363 -0.447863 86.1144 66.1466 0.595425 100.365 47.9661 0.711776 2.94603 -5.79456 -10.4724 
5056157000000 18.2304 12.9687 -5.94336 56.7591 -1.00417 60.6863 30.2185 -4.86159 64.9649 34.1725 -0.67941 74.986 55.2792 0.0309941 92.0144 42.001 -0.793433 2.94603 -3.50394 -12.3972 
5056176000000 14.0266 9.44325 -5.80034 63.2848 0.991005 26.7894 16.7003 -10.5104 40.2894 16.6155 -1.6056 49.9472 37.167 -2.13309 62.7891 36.036 -6.55594 2.94603 1.07731 -12.7472 
5056226000000 9.82287 4.91053 -6.18495 68.5053 2.32112 9.84097 0.647489 -14.1257 15.6139 0 -2.93699 26.2995 11.8099 -5.22474 16.8636 32.6274 -14.7865 2.94603 3.94059 -10.9974 
5056259000000 8.98212 3.39963 -6.27414 70.463 2.98618 5.92979 0 -15.0295 10.9138 0 -3.45798 20.7354 6.37621 -6.43452 2.94673 31.7752 -18.0072 2.94603 7.37652 -10.6474 
5056279000000 7.30062 1.38508 -6.5101 72.4207 3.65123 0.714889 0 -16.3852 6.21374 0 -4.15262 13.7801 0 -8.03418 0 32.6274 -22.2645 2.94603 8.52183 -9.77253 
5056326000000 7.30062 0.377811 -6.45252 74.3784 4.09461 3.32234 0 -17.063 7.38876 0 -4.32628 12.3891 0 -8.46419 0 32.6274 -23.4118 2.94603 10.8125 -9.77253 
5056376000000 7.721 0.377811 -6.33548 75.031 4.75967 4.62607 0 -17.289 8.56379 0 -4.32628 13.7801 0 -8.46419 0 32.6274 -23.4118 2.94603 11.3851 -10.2975 
5056380000000 8.14137 -0.125825 -6.24816 76.3361 5.20304 9.84097 0 -17.515 12.0889 0 -4.32628 15.1712 0 -8.47756 0 34.3317 -23.4487 2.94603 11.9578 -10.4724 
5056433000000 10.2432 -0.125825 -5.89703 78.2939 6.75484 22.8782 0.647489 -17.515 20.314 0 -4.32628 23.5174 4.56499 -8.46419 2.94673 42.001 -23.4118 2.94603 9.09449 -10.8224 
5056476000000 12.3451 1.38508 -5.22263 79.599 7.64158 28.0932 6.5617 -16.8371 25.0141 0 -4.15262 27.6906 9.99866 -8.08768 9.90514 45.4096 -22.4121 2.94603 8.52183 -11.5223 
5056526000000 14.447 2.39236 -4.695 80.9041 9.19338 35.9155 14.1657 -15.9333 28.5392 6.08135 -3.86318 31.8637 22.6772 -7.45572 14.0802 51.3747 -20.7335 2.94603 6.80387 -11.1724 
5056533000000 15.2877 3.39963 -4.16737 82.2093 10.3018 42.4342 17.5452 -15.4814 32.0643 10.7632 -3.97896 37.4279 31.7333 -7.72455 14.0802 61.6005 -21.4492 2.94603 5.0859 -10.2975 
5056576000000 15.7081 3.90326 -3.90355 82.8618 10.9669 50.2565 21.7697 -15.2554 37.9394 13.1041 -3.92107 42.992 33.5446 -7.65702 16.8636 65.8612 -21.2759 2.94603 3.36793 -9.94751 
5056626000000 16.1285 3.90326 -3.90355 82.8618 11.6319 61.9901 25.1492 -15.9333 49.6896 16.6155 -3.74741 47.1652 31.7333 -7.32064 23.822 64.1569 -20.3869 2.94603 2.79527 -11.1724 
5056653000000 19.0711 4.91053 -3.49296 83.5144 12.0753 64.5975 25.1492 -15.9333 54.3897 16.6155 -3.74741 49.9472 28.1109 -7.33402 36.3471 59.8962 -20.4238 2.94603 2.22262 -12.0472 
5056684000000 21.173 5.41417 -3.34619 83.5144 12.0753 65.9012 26.839 -15.9333 55.5647 17.786 -3.8053 49.9472 29.9221 -7.46844 41.9139 59.044 -20.7816 2.94603 1.64996 -12.3972 
5056726000000 23.2749 5.41417 -3.34619 83.5144 12.0753 65.9012 27.6839 -15.9333 54.3897 20.1269 -3.86318 49.9472 31.7333 -7.58948 47.4806 55.6354 -21.1026 2.94603 1.07731 -12.7472 
5056735000000 23.2749 4.91053 -3.49296 83.5144 12.0753 65.9012 27.6839 -15.9333 54.3897 20.1269 -3.97896 49.9472 31.7333 -7.83157 53.0473 52.2268 -21.7445 2.94603 1.07731 -13.0971 
5056777000000 23.2749 4.91053 -3.49296 83.5144 12.0753 65.9012 28.5288 -15.9333 54.3897 20.1269 -4.03684 49.9472 31.7333 -7.95261 55.8307 50.5225 -22.0654 2.94603 1.07731 -12.9221 
5056826000000 23.2749 4.91053 -3.49296 83.5144 12.0753 65.9012 28.5288 -15.9333 54.3897 20.1269 -4.09473 49.9472 31.7333 -8.07365 57.2224 49.6704 -22.3864 2.94603 1.07731 -12.9221 
5056831000000 23.2749 4.91053 -3.49296 83.5144 12.0753 65.9012 28.5288 -15.9333 54.3897 20.1269 -4.09473 49.9472 31.7333 -8.07365 58.6141 47.9661 -22.3864 2.94603 1.07731 -13.0971 
5056877000000 23.2749 4.91053 -3.49296 83.5144 12.297 65.9012 28.5288 -15.9333 54.3897 20.1269 -4.09473 49.9472 31.7333 -8.07365 58.6141 47.9661 -22.3864 2.94603 1.07731 -13.2721 
5056895000000 23.2749 4.91053 -3.49296 83.5144 12.297 65.9012 28.5288 -15.9333 54.3897 20.1269 -4.09473 49.9472 31.7333 -8.06028 60.0057 47.9661 -22.3495 2.94603 1.07731 -13.2721 
5056929000000 23.2749 4.91053 -3.49296 83.5144 12.297 65.9012 28.5288 -15.9333 54.3897 20.1269 -4.09473 49.9472 31.7333 -8.06028 60.0057 47.9661 -22.3495 2.94603 1.07731 -13.0971 
5056955000000 23.2749 4.91053 -3.49296 83.5144 12.297 65.9012 28.5288 -15.9333 54.3897 20.1269 -4.09473 48.5562 31.7333 -8.06028 60.0057 47.9661 -22.3495 2.94603 1.07731 -13.0971 
5056976000000 23.2749 4.91053 -3.49296 83.5144 12.297 65.9012 28.5288 -15.7073 54.3897 20.1269 -4.09473 48.5562 31.7333 -8.06028 60.0057 47.9661 -22.3495 2.94603 1.07731 -13.0971 
5057026000000 23.2749 4.91053 -3.49296 83.5144 12.297 65.9012 27.6839 -15.7073 54.3897 18.9565 -4.09473 48.5562 31.7333 -8.06028 60.0057 47.1139 -22.3495 2.94603 1.07731 -13.0971 
5057048000000 23.2749 4.4069 -3.63973 83.5144 12.297 65.9012 27.6839 -15.7073 54.3897 18.9565 -4.09473 48.5562 31.7333 -8.06028 60.0057 47.1139 -22.3495 2.94603 -0.0680022 -13.0971 
5057076000000 23.2749 4.4069 -3.63973 83.5144 12.297 65.9012 27.6839 -15.7073 54.3897 18.9565 -4.09473 48.5562 31.7333 -8.06028 60.0057 47.1139 -22.3495 2.94603 1.07731 -13.0971 
5057126000000 23.2749 4.4069 -3.75678 82.8618 12.297 65.9012 27.6839 -15.7073 54.3897 18.9565 -4.09473 48.5562 31.7333 -8.0469 60.0057 47.1139 -22.3126 2.94603 1.07731 -13.0971 
5057175000000 23.2749 4.4069 -3.75678 82.8618 12.297 65.9012 27.6839 -15.7073 54.3897 18.9565 -4.09473 48.5562 31.7333 -8.0469 60.0057 45.4096 -22.3126 2.94603 1.07731 -13.0971 
5057198000000 23.2749 4.4069 -3.75678 82.8618 12.297 64.5975 27.6839 -15.7073 54.3897 18.9565 -4.09473 48.5562 31.7333 -8.0469 60.0057 45.4096 -22.3126 2.94603 1.07731 -13.0971 
5057226000000 23.2749 4.4069 -3.75678 82.8618 12.297 64.5975 27.6839 -15.7073 54.3897 18.9565 -4.09473 48.5562 31.7333 -8.0469 60.0057 45.4096 -22.3126 2.94603 1.07731 -12.7472 
5057271000000 23.2749 4.4069 -3.75678 82.8618 12.297 64.5975 28.5288 -15.7073 54.3897 18.9565 -4.09473 48.5562 31.7333 -8.0469 61.3974 45.4096 -22.3126 2.94603 1.07731 -12.9221 
5057286000000 23.2749 4.4069 -3.75678 82.8618 12.297 64.5975 28.5288 -15.7073 54.3897 18.9565 -4.09473 48.5562 31.7333 -8.0469 61.3974 45.4096 -22.3126 2.94603 1.07731 -12.9221 
5057360000000 22.8545 4.4069 -3.75678 82.8618 12.297 64.5975 28.5288 -15.7073 54.3897 18.9565 -4.09473 48.5562 31.7333 -8.0469 61.3974 45.4096 -22.3126 2.94603 -0.640658 -12.9221 
5057382000000 22.8545 4.4069 -3.75678 82.8618 12.297 64.5975 28.5288 -15.7073 54.3897 17.786 -4.09473 48.5562 31.7333 -8.0469 61.3974 45.4096 -22.3126 2.94603 1.07731 -12.9221 
5057426000000 22.8545 4.4069 -3.75678 82.8618 12.297 64.5975 28.5288 -15.7073 54.3897 17.786 -4.03684 48.5562 31.7333 -7.92586 61.3974 45.4096 -21.9916 2.94603 1.07731 -12.9221 
5057433000000 22.8545 4.4069 -3.75678 82.8618 12.297 64.5975 28.5288 -15.4814 54.3897 17.786 -4.03684 47.1652 31.7333 -7.92586 61.3974 45.4096 -21.9916 2.94603 1.07731 -12.9221 
5057478000000 22.8545 4.4069 -3.75678 82.8618 12.297 64.5975 28.5288 -15.4814 54.3897 17.786 -4.03684 47.1652 31.7333 -7.92586 61.3974 45.4096 -21.9916 2.94603 1.07731 -12.9221 
5057526000000 22.8545 4.4069 -3.87382 82.2093 12.297 64.5975 28.5288 -15.4814 54.3897 17.786 -4.03684 47.1652 31.7333 -7.92586 61.3974 45.4096 -21.9916 2.94603 1.07731 -12.9221 
5057532000000 22.8545 4.4069 -3.87382 82.2093 12.297 64.5975 28.5288 -15.4814 54.3897 17.786 -4.03684 47.1652 31.7333 -7.92586 61.3974 45.4096 -21.9916 2.94603 1.07731 -12.7472 
5057576000000 22.8545 4.4069 -3.87382 82.2093 12.297 64.5975 28.5288 -15.4814 54.3897 17.786 -4.03684 47.1652 31.7333 -7.92586 61.3974 45.4096 -21.9916 2.94603 1.07731 -12.7472 
5057577000000 22.8545 4.4069 -3.87382 82.2093 12.297 64.5975 28.5288 -15.4814 54.3897 17.786 -4.03684 47.1652 31.7333 -7.92586 61.3974 45.4096 -21.9916 2.94603 1.07731 -12.7472 
5057628000000 22.8545 4.4069 -3.87382 82.2093 12.297 64.5975 28.5288 -15.4814 54.3897 17.786 -4.03684 47.1652 31.7333 -7.92586 61.3974 45.4096 -21.9916 2.94603 1.07731 -12.7472 
5057655000000 22.8545 4.4069 -3.87382 82.2093 12.297 64.5975 28.5288 -15.4814 54.3897 17.786 -4.03684 47.1652 31.7333 -7.92586 61.3974 45.4096 -21.9916 2.94603 1.07731 -12.7472 
5057679000000 22.8545 4.4069 -3.87382 82.2093 12.297 64.5975 28.5288 -15.4814 54.3897 17.786 -4.03684 47.1652 31.7333 -7.92586 61.3974 45.4096 -21.9916 2.94603 1.07731 -12.7472 
5057726000000 22.8545 4.91053 -3.72705 82.2093 12.297 64.5975 28.5288 -15.4814 54.3897 17.786 -4.03684 47.1652 31.7333 -7.92586 62.7891 45.4096 -21.9916 2.94603 -0.0680022 -12.7472 
5057760000000 22.8545 4.91053 -3.72705 82.2093 12.0753 64.5975 28.5288 -15.4814 54.3897 17.786 -4.03684 47.1652 31.7333 -7.92586 62.7891 45.4096 -21.9916 2.94603 1.07731 -12.7472 
5057776000000 22.8545 4.91053 -3.72705 82.2093 12.0753 64.5975 28.5288 -15.4814 54.3897 17.786 -4.03684 47.1652 31.7333 -7.92586 62.7891 45.4096 -21.9916 2.94603 1.07731 -12.7472 
5057826000000 22.8545 4.91053 -3.72705 82.2093 12.0753 64.5975 29.3737 -15.4814 54.3897 17.786 -4.03684 47.1652 31.7333 -7.92586 62.7891 45.4096 -21.9916 2.94603 1.07731 -12.3972 
5057856000000 22.8545 4.91053 -3.72705 82.2093 12.0753 64.5975 29.3737 -15.4814 54.3897 17.786 -4.03684 47.1652 31.7333 -7.91248 62.7891 45.4096 -21.9547 2.94603 -0.640658 -12.2222 
5057905000000 22.8545 4.91053 -3.72705 82.2093 12.0753 64.5975 29.3737 -15.2554 54.3897 17.786 -4.03684 47.1652 31.7333 -7.91248 62.7891 45.4096 -21.9547 2.94603 -0.640658 -12.3972 
5057926000000 22.8545 4.91053 -3.72705 82.2093 12.0753 64.5975 29.3737 -15.2554 54.3897 18.9565 -4.03684 47.1652 31.7333 -7.91248 62.7891 45.4096 -21.9547 2.94603 -0.640658 -12.3972 
5057973000000 22.8545 4.91053 -3.72705 82.2093 12.0753 64.5975 29.3737 -15.2554 54.3897 18.9565 -4.03684 47.1652 31.7333 -7.91248 62.7891 45.4096 -21.9547 2.94603 0.504653 -12.3972 
5058009000000 22.8545 4.91053 -3.72705 82.2093 12.0753 64.5975 29.3737 -15.2554 54.3897 18.9565 -4.03684 47.1652 31.7333 -7.91248 62.7891 45.4096 -21.9547 2.94603 1.07731 -12.3972 
5058046000000 22.8545 4.91053 -3.72705 82.2093 12.0753 64.5975 29.3737 -15.2554 54.3897 18.9565 -4.03684 47.1652 31.7333 -7.91248 62.7891 45.4096 -21.9547 2.94603 1.07731 -12.3972 
5058086000000 22.8545 4.91053 -3.72705 82.2093 12.0753 64.5975 29.3737 -15.2554 54.3897 18.9565 -4.03684 47.1652 31.7333 -7.91248 62.7891 45.4096 -21.9547 2.94603 1.07731 -12.7472 
5058126000000 22.8545 4.91053 -3.72705 82.2093 12.0753 64.5975 29.3737 -15.2554 54.3897 18.9565 -4.03684 47.1652 31.7333 -7.91248 62.7891 45.4096 -21.9547 2.94603 1.07731 -12.9221 
5058160000000 22.8545 4.91053 -3.72705 82.2093 12.0753 64.5975 29.3737 -15.2554 54.3897 18.9565 -4.03684 47.1652 31.7333 -7.91248 62.7891 45.4096 -21.9547 2.94603 1.07731 -12.9221 
5058176000000 22.8545 4.91053 -3.72705 82.2093 12.0753 64.5975 29.3737 -15.2554 54.3897 18.9565 -4.03684 47.1652 31.7333 -7.91248 62.7891 45.4096 -21.9547 2.94603 1.07731 -12.9221 
5058207000000 22.8545 4.91053 -3.72705 82.2093 12.0753 64.5975 29.3737 -15.2554 54.3897 18.9565 -4.03684 47.1652 31.7333 -7.91248 62.7891 45.4096 -21.9547 2.94603 1.07731 -12.9221 
5058226000000 22.8545 4.91053 -3.72705 82.2093 12.0753 64.5975 29.3737 -15.2554 54.3897 18.9565 -4.03684 47.1652 31.7333 -7.91248 62.7891 45.4096 -21.9547 2.94603 1.07731 -12.9221 
5058254000000 22.8545 4.91053 -3.72705 82.2093 12.0753 64.5975 29.3737 -15.2554 54.3897 18.9565 -4.03684 47.1652 31.7333 -7.91248 62.7891 45.4096 -21.9547 2.94603 1.07731 -12.9221 
5058276000000 22.8545 4.91053 -3.72705 82.2093 12.0753 64.5975 29.3737 -15.2554 54.3897 18.9565 -4.03684 47.1652 31.7333 -7.91248 62.7891 45.4096 -21.9547 2.94603 1.07731 -12.9221 
5058331000000 22.8545 4.91053 -3.72705 82.2093 12.0753 64.5975 29.3737 -15.2554 54.3897 18.9565 -4.03684 47.1652 31.7333 -7.91248 62.7891 45.4096 -21.9547 2.94603 1.07731 -12.9221 
5058376000000 22.8545 4.91053 -3.72705 82.2093 12.0753 64.5975 29.3737 -15.2554 54.3897 18.9565 -4.03684 47.1652 31.7333 -7.91248 62.7891 45.4096 -21.9547 2.94603 1.64996 -12.9221 
5058426000000 22.8545 4.91053 -3.72705 82.2093 12.0753 64.5975 29.3737 -15.2554 54.3897 18.9565 -4.03684 47.1652 31.7333 -7.91248 62.7891 45.4096 -21.9547 2.94603 1.64996 -12.9221 
5058476000000 22.8545 4.91053 -3.72705 82.2093 12.0753 64.5975 29.3737 -15.2554 54.3897 18.9565 -4.03684 47.1652 31.7333 -7.91248 62.7891 45.4096 -21.9547 2.94603 1.64996 -12.7472 
5058526000000 22.4341 4.91053 -3.72705 82.2093 12.0753 64.5975 29.3737 -15.2554 54.3897 18.9565 -4.03684 47.1652 31.7333 -7.91248 62.7891 45.4096 -21.9547 2.94603 1.64996 -12.7472 
5058538000000 22.4341 4.91053 -3.72705 82.2093 12.0753 64.5975 29.3737 -15.2554 54.3897 18.9565 -4.03684 47.1652 31.7333 -7.91248 62.7891 45.4096 -21.9547 2.94603 1.64996 -12.7472 
5058582000000 22.4341 4.91053 -3.72705 82.2093 12.0753 64.5975 29.3737 -15.2554 54.3897 18.9565 -4.03684 47.1652 31.7333 -7.91248 62.7891 45.4096 -21.9547 2.94603 1.64996 -12.7472 
5058626000000 22.4341 4.91053 -3.72705 82.2093 12.0753 64.5975 29.3737 -15.2554 54.3897 18.9565 -4.03684 47.1652 31.7333 -7.91248 62.7891 45.4096 -21.9547 2.94603 1.64996 -12.7472 
5058676000000 22.4341 4.91053 -3.72705 82.2093 12.297 64.5975 29.3737 -15.2554 54.3897 18.9565 -4.03684 47.1652 31.7333 -7.91248 62.7891 44.5575 -21.9547 2.94603 1.64996 -12.7472 
5058726000000 22.4341 4.91053 -3.72705 82.2093 12.297 64.5975 29.3737 -15.2554 54.3897 18.9565 -4.03684 47.1652 31.7333 -7.91248 62.7891 44.5575 -21.9547 2.94603 1.64996 -12.7472 
5058731000000 22.4341 4.91053 -3.72705 82.2093 12.297 64.5975 29.3737 -15.2554 54.3897 18.9565 -4.03684 47.1652 31.7333 -7.91248 62.7891 44.5575 -21.9547 2.94603 1.64996 -12.7472 
5058777000000 22.4341 4.91053 -3.72705 82.2093 12.297 64.5975 29.3737 -15.2554 54.3897 18.9565 -4.03684 47.1652 31.7333 -7.91248 62.7891 44.5575 -21.9547 2.94603 1.64996 -12.7472 
5058819000000 22.4341 4.91053 -3.72705 82.2093 12.297 64.5975 29.3737 -15.2554 54.3897 18.9565 -4.03684 47.1652 31.7333 -7.91248 62.7891 44.5575 -21.9547 2.94603 1.64996 -12.7472 
5058827000000 22.4341 4.91053 -3.72705 82.2093 12.297 64.5975 29.3737 -15.2554 54.3897 18.9565 -3.97896 47.1652 31.7333 -7.79144 62.7891 44.5575 -21.6338 2.94603 1.64996 -12.7472 
5058876000000 22.4341 4.91053 -3.72705 82.2093 12.297 64.5975 29.3737 -15.2554 54.3897 18.9565 -3.97896 47.1652 31.7333 -7.79144 62.7891 44.5575 -21.6338 2.94603 1.64996 -12.7472 
5058926000000 22.4341 4.91053 -3.72705 82.2093 12.0753 63.2938 29.3737 -15.2554 54.3897 18.9565 -3.97896 47.1652 31.7333 -7.79144 62.7891 44.5575 -21.6338 2.94603 0.504653 -12.7472 
5058976000000 22.4341 4.91053 -3.72705 82.2093 12.0753 63.2938 29.3737 -15.2554 54.3897 18.9565 -3.97896 47.1652 31.7333 -7.79144 62.7891 44.5575 -21.6338 2.94603 1.64996 -12.9221 
5058977000000 22.4341 4.91053 -3.72705 82.2093 12.0753 63.2938 29.3737 -15.2554 54.3897 18.9565 -3.97896 47.1652 31.7333 -7.79144 62.7891 44.5575 -21.6338 2.94603 1.64996 -12.9221 
5059026000000 22.4341 4.91053 -3.72705 82.2093 12.0753 63.2938 29.3737 -15.2554 54.3897 18.9565 -3.97896 47.1652 31.7333 -7.79144 62.7891 44.5575 -21.6338 2.94603 1.64996 -12.9221 
5059050000000 22.4341 4.91053 -3.72705 82.2093 12.0753 63.2938 29.3737 -15.2554 54.3897 18.9565 -3.97896 47.1652 31.7333 -7.79144 62.7891 44.5575 -21.6338 2.94603 1.64996 -12.9221 
5059126000000 22.4341 4.91053 -3.72705 82.2093 12.0753 63.2938 29.3737 -15.2554 54.3897 18.9565 -3.97896 47.1652 31.7333 -7.79144 62.7891 44.5575 -21.6338 2.94603 0.504653 -12.9221 
5059130000000 22.4341 4.91053 -3.72705 82.2093 12.0753 63.2938 29.3737 -15.2554 54.3897 18.9565 -3.97896 47.1652 31.7333 -7.79144 62.7891 44.5575 -21.6338 2.94603 1.64996 -12.9221 
5059176000000 22.4341 4.91053 -3.72705 82.2093 12.0753 63.2938 29.3737 -15.2554 54.3897 18.9565 -3.97896 47.1652 31.7333 -7.79144 62.7891 44.5575 -21.6338 2.94603 1.64996 -12.9221 
5059186000000 22.4341 4.91053 -3.72705 82.2093 12.0753 63.2938 29.3737 -15.2554 54.3897 18.9565 -3.97896 47.1652 31.7333 -7.79144 62.7891 44.5575 -21.6338 2.94603 1.64996 -12.9221 
5059226000000 22.4341 4.91053 -3.72705 82.2093 12.0753 63.2938 29.3737 -15.2554 54.3897 18.9565 -3.97896 47.1652 31.7333 -7.79144 62.7891 44.5575 -21.6338 2.94603 1.64996 -12.9221 
5059245000000 22.4341 4.91053 -3.72705 82.2093 12.0753 63.2938 29.3737 -15.2554 54.3897 18.9565 -3.97896 47.1652 31.7333 -7.79144 62.7891 44.5575 -21.6338 2.94603 1.64996 -12.9221 
5059283000000 22.4341 4.91053 -3.72705 82.2093 12.0753 63.2938 29.3737 -15.2554 54.3897 18.9565 -3.97896 47.1652 31.7333 -7.79144 62.7891 44.5575 -21.6338 2.94603 -0.0680022 -12.9221 
5059326000000 22.4341 4.91053 -3.72705 82.2093 12.0753 63.2938 29.3737 -15.2554 54.3897 18.9565 -3.97896 47.1652 31.7333 -7.79144 62.7891 44.5575 -21.6338 2.94603 1.64996 -12.9221 
5059353000000 22.4341 4.91053 -3.72705 82.2093 12.0753 63.2938 29.3737 -15.2554 54.3897 18.9565 -3.97896 47.1652 31.7333 -7.79144 62.7891 44.5575 -21.6338 2.94603 -0.0680022 -12.9221 
5059379000000 22.4341 4.91053 -3.72705 82.2093 12.0753 63.2938 29.3737 -15.2554 54.3897 18.9565 -3.97896 47.1652 31.7333 -7.79144 62.7891 44.5575 -21.6338 2.94603 1.64996 -12.9221 
5059412000000 22.4341 4.91053 -3.72705 82.2093 12.0753 63.2938 29.3737 -15.2554 54.3897 18.9565 -3.97896 47.1652 31.7333 -7.79144 62.7891 44.5575 -21.6338 2.94603 1.64996 -12.9221 
5059436000000 22.4341 4.91053 -3.72705 82.2093 12.0753 63.2938 29.3737 -15.2554 54.3897 18.9565 -3.97896 47.1652 31.7333 -7.79144 62.7891 44.5575 -21.6338 2.94603 1.64996 -12.7472 
5059499000000 22.4341 4.91053 -3.72705 82.2093 12.0753 63.2938 29.3737 -15.2554 54.3897 18.9565 -3.97896 47.1652 31.7333 -7.79144 62.7891 44.5575 -21.6338 2.94603 -1.21332 -12.7472 
5059526000000 22.4341 4.91053 -3.72705 82.2093 12.0753 63.2938 29.3737 -15.2554 54.3897 18.9565 -3.97896 47.1652 31.7333 -7.79144 62.7891 44.5575 -21.6338 2.94603 1.64996 -12.7472 
5059569000000 22.4341 4.91053 -3.72705 82.2093 12.0753 63.2938 29.3737 -15.2554 54.3897 18.9565 -3.97896 47.1652 31.7333 -7.79144 62.7891 44.5575 -21.6338 2.94603 1.64996 -12.7472 
5059582000000 22.4341 4.91053 -3.72705 82.2093 12.0753 63.2938 29.3737 -15.2554 54.3897 18.9565 -3.97896 47.1652 31.7333 -7.79144 62.7891 44.5575 -21.6338 2.94603 2.22262 -12.7472 
5059626000000 22.4341 4.91053 -3.72705 82.2093 12.0753 63.2938 29.3737 -15.2554 54.3897 18.9565 -3.97896 47.1652 31.7333 -7.79144 62.7891 44.5575 -21.6338 2.94603 2.22262 -12.7472 
5059676000000 22.4341 4.91053 -3.72705 82.2093 12.0753 63.2938 29.3737 -15.2554 54.3897 18.9565 -3.97896 47.1652 31.7333 -7.79144 62.7891 44.5575 -21.6338 2.94603 1.64996 -12.7472 
5059708000000 22.4341 4.91053 -3.72705 82.2093 12.0753 63.2938 29.3737 -15.2554 54.3897 18.9565 -3.97896 47.1652 31.7333 -7.77806 62.7891 44.5575 -21.5969 2.94603 0.504653 -12.9221 
5059727000000 22.4341 4.91053 -3.72705 82.2093 12.0753 63.2938 29.3737 -15.2554 54.3897 18.9565 -3.97896 47.1652 31.7333 -7.77806 62.7891 44.5575 -21.5969 2.94603 1.64996 -12.9221 
5059755000000 22.4341 4.91053 -3.72705 82.2093 12.0753 64.5975 29.3737 -15.2554 54.3897 18.9565 -3.97896 47.1652 31.7333 -7.77806 62.7891 44.5575 -21.5969 2.94603 1.64996 -12.9221 
5059826000000 22.4341 4.91053 -3.72705 82.2093 12.0753 64.5975 29.3737 -15.2554 54.3897 18.9565 -3.97896 47.1652 31.7333 -7.77806 62.7891 44.5575 -21.5969 2.94603 -0.0680022 -12.9221 
5059827000000 22.4341 4.91053 -3.72705 82.2093 12.0753 64.5975 29.3737 -15.2554 54.3897 18.9565 -3.97896 47.1652 31.7333 -7.77806 62.7891 44.5575 -21.5969 2.94603 1.64996 -12.7472 
5059876000000 22.4341 4.91053 -3.72705 82.2093 12.0753 64.5975 29.3737 -15.2554 54.3897 18.9565 -3.97896 47.1652 31.7333 -7.77806 62.7891 44.5575 -21.5969 2.94603 1.64996 -12.7472 
5059926000000 22.4341 4.91053 -3.72705 82.2093 12.0753 64.5975 29.3737 -15.2554 54.3897 18.9565 -3.97896 47.1652 31.7333 -7.77806 62.7891 44.5575 -21.5969 2.94603 2.22262 -12.7472 
5059958000000 22.4341 4.91053 -3.72705 82.2093 12.0753 64.5975 29.3737 -15.2554 54.3897 18.9565 -3.97896 47.1652 31.7333 -7.77806 62.7891 44.5575 -21.5969 2.94603 1.64996 -12.7472 
5059977000000 22.4341 4.91053 -3.72705 82.2093 12.0753 64.5975 29.3737 -15.2554 54.3897 18.9565 -3.97896 47.1652 31.7333 -7.77806 62.7891 44.5575 -21.5969 2.94603 1.64996 -12.7472 
