#time#THJ1#THJ2#THJ3#THJ4#THJ5#FFJ0#FFJ3#FFJ4#MFJ0#MFJ3#MFJ4#RFJ0#RFJ3#RFJ4#LFJ0#LFJ3#LFJ4#LFJ5#WRJ1#WRJ2
5034727000000 10.6636 7.42871 -12.1225 31.3089 -7.65475 0 0 -10.0585 1.51364 0 -1.37405 0 0 -1.70243 0 7.91501 -5.41977 2.94603 11.3851 -8.72266 
5034776000000 10.6636 7.42871 -12.1225 31.3089 -7.65475 0 0 -10.0585 1.51364 0 -1.31616 0 0 -1.58139 0 7.91501 -5.09883 2.94603 11.3851 -8.72266 
5034822000000 10.6636 7.42871 -12.1225 31.3089 -7.65475 0 0 -10.0585 1.51364 0 -1.31616 0 0 -1.58139 0 7.91501 -5.09883 2.94603 11.3851 -8.72266 
5034839000000 10.6636 7.42871 -12.1225 31.3089 -7.65475 0 0 -10.0585 1.51364 0 -1.31616 0 0 -1.56801 0 7.91501 -5.06192 2.94603 11.3851 -8.72266 
5034876000000 10.6636 7.42871 -12.1225 31.3089 -7.65475 0 0 -10.0585 1.51364 0 -1.31616 0 0 -1.56801 0 7.91501 -5.06192 2.94603 11.3851 -8.72266 
5034896000000 10.6636 7.42871 -12.1225 31.3089 -7.65475 0 0 -10.0585 1.51364 0 -1.31616 0 0 -1.56801 0 7.91501 -5.06192 2.94603 11.3851 -8.72266 
5034926000000 10.6636 7.42871 -12.1225 31.3089 -7.65475 0 0 -10.0585 1.51364 0 -1.31616 0 0 -1.56801 0 7.91501 -5.06192 2.94603 11.3851 -8.72266 
5034976000000 10.6636 7.42871 -12.1225 31.3089 -7.65475 0 0 -10.0585 1.51364 0 -1.31616 0 0 -1.56801 0 7.91501 -5.06192 2.94603 11.3851 -8.72266 
5035003000000 10.6636 7.42871 -12.1225 31.3089 -7.65475 0 0 -10.0585 1.51364 0 -1.31616 0 0 -1.56801 0 7.91501 -5.06192 2.94603 11.3851 -8.72266 
5035026000000 10.6636 7.42871 -12.1225 31.3089 -7.65475 0 0 -10.0585 1.51364 0 -1.31616 0 0 -1.56801 0 7.91501 -5.06192 2.94603 11.3851 -8.72266 
5035076000000 10.6636 7.42871 -12.1225 31.3089 -7.65475 0 0 -10.0585 1.51364 0 -1.31616 0 0 -1.56801 0 7.91501 -5.06192 2.94603 11.3851 -8.3727 
5035091000000 10.6636 7.42871 -12.1225 31.3089 -7.65475 0 0 -10.0585 1.51364 0 -1.31616 0 0 -1.56801 0 7.91501 -5.06192 2.94603 11.3851 -8.3727 
5035128000000 10.6636 7.93235 -11.9758 31.3089 -7.65475 0 0 -10.0585 1.51364 0 -1.31616 0 0 -1.56801 0 7.91501 -5.06192 2.94603 11.3851 -8.3727 
5035176000000 10.6636 7.93235 -11.9758 31.3089 -7.65475 0 0 -10.0585 1.51364 0 -1.31616 0 0 -1.56801 0 7.91501 -5.06192 2.94603 11.3851 -8.3727 
5035192000000 10.6636 7.93235 -11.9758 31.3089 -7.65475 0 0 -10.0585 1.51364 0 -1.31616 0 0 -1.56801 0 7.91501 -5.06192 2.94603 11.3851 -8.3727 
5035237000000 10.6636 7.93235 -11.9758 31.3089 -7.65475 0 0 -10.0585 1.51364 0 -1.31616 0 0 -1.56801 0 7.91501 -5.06192 2.94603 11.3851 -8.3727 
5035276000000 10.6636 7.93235 -11.9758 31.3089 -7.21137 0 0 -10.0585 1.51364 0 -1.31616 0 0 -1.56801 0 7.91501 -5.06192 2.94603 11.3851 -8.3727 
5035317000000 10.6636 7.93235 -11.8587 31.9615 -7.21137 0 0 -10.0585 1.51364 0 -1.31616 0 0 -1.56801 0 7.91501 -5.06192 2.94603 9.09449 -8.3727 
5035326000000 10.6636 7.93235 -11.8587 31.9615 -6.98969 0 0 -10.0585 1.51364 0 -1.31616 0 0 -1.56801 0 7.91501 -5.06192 2.94603 10.8125 -8.3727 
5035376000000 10.6636 6.42144 -11.7138 35.2243 -5.43789 0 0 -10.0585 1.51364 0 -1.48983 0 0 -1.93114 0 7.91501 -6.02476 2.94603 10.2398 -9.24759 
5035426000000 10.6636 5.41417 -11.8903 35.8769 -4.55114 0 0 -10.0585 1.51364 0 -1.6056 0 0 -2.17322 0 5.35855 -6.66666 2.94603 7.37652 -9.42257 
5035435000000 10.6636 4.91053 -11.9201 36.5295 -4.55114 0 0 -10.0585 1.51364 0 -1.6056 0 0 -2.14647 0 6.2107 -6.59285 2.94603 9.09449 -9.59755 
5035476000000 9.82287 3.39963 -11.7752 39.7923 -3.6644 0 0 -10.0585 0.33862 0 -1.72137 0 0 -2.38856 0 6.2107 -7.23474 2.94603 8.52183 -9.94751 
5035495000000 9.4025 2.89599 -11.4538 42.4026 -3.22103 0 0 -10.0585 0.33862 0 -1.89503 0 0 -2.76506 0 6.2107 -8.23449 2.94603 7.94918 -9.77253 
5035529000000 9.4025 2.39236 -11.0153 45.6654 -2.77766 0 0 -10.0585 0.33862 0 -2.01081 0 0 -3.02053 0 6.2107 -8.91328 2.94603 7.94918 -9.59755 
5035576000000 8.98212 2.89599 -10.1663 49.5809 -2.1126 0 0 -10.5104 0.33862 0 -2.06869 0 0 -3.1817 0 6.2107 -9.34494 2.94603 6.80387 -9.07262 
5035586000000 8.14137 2.39236 -9.61081 53.4963 -1.22586 0 0 -10.7364 0.33862 0 -2.06869 0 0 -3.19507 0 8.76716 -9.38185 2.94603 6.23121 -8.89764 
5035631000000 7.30062 1.88872 -9.17236 56.7591 -0.117424 0 0 -11.4142 3.86369 0 -2.12658 0 0 -3.383 0 11.3236 -9.88731 2.94603 7.37652 -8.54768 
5035679000000 6.0395 1.38508 -8.73392 60.0219 1.21269 0 0 -12.318 6.21374 0 -2.35813 2.65181 0 -3.93405 0 18.1408 -11.3556 2.94603 7.94918 -8.3727 
5035726000000 5.61913 1.38508 -8.26575 62.6322 2.32112 3.32234 0 -12.7699 7.38876 0 -2.53179 4.04285 0 -4.35069 0.163366 22.4016 -12.4661 2.94603 6.80387 -8.54768 
5035729000000 6.0395 1.88872 -7.76785 64.5899 3.42955 7.23352 0 -12.9959 10.9138 0 -2.64756 9.60702 4.56499 -4.61953 5.7301 27.5145 -13.1818 2.94603 6.80387 -9.24759 
5035819000000 5.19875 1.38508 -7.21236 68.5053 5.42472 16.3596 1.49238 -13.6737 16.789 0.229008 -2.64756 16.5622 11.8099 -4.67303 9.90514 30.9231 -13.3294 2.94603 6.23121 -11.1724 
5035826000000 4.77837 0.881446 -7.24209 69.1579 6.08978 20.2708 4.87192 -13.8997 20.314 1.39947 -2.58967 19.3443 15.4323 -4.55199 14.0802 32.6274 -13.0084 2.94603 5.0859 -11.3473 
5035876000000 4.358 0.881446 -7.00801 70.463 6.97653 22.8782 6.5617 -13.6737 21.489 2.56995 -2.58967 22.1264 15.4323 -4.56537 21.0386 33.4795 -13.0453 2.94603 5.0859 -11.5223 
5035904000000 4.358 0.377811 -6.80365 72.4207 8.30664 26.7894 9.94124 -13.4478 23.8391 3.74042 -2.70545 24.9085 15.4323 -4.83421 27.997 36.036 -13.761 2.94603 3.94059 -11.8723 
5035938000000 4.77837 -0.125825 -6.59929 74.3784 9.63676 32.0043 14.1657 -13.4478 27.3642 4.91088 -3.05277 33.2547 15.4323 -5.62735 36.3471 40.2967 -15.8712 2.94603 2.79527 -11.6973 
5035983000000 4.358 -0.62946 -6.51198 75.6836 10.9669 37.2193 17.5452 -13.4478 30.8892 6.08135 -3.16854 37.4279 15.4323 -5.93632 39.1305 42.001 -16.6977 2.94603 2.22262 -12.2222 
5036026000000 3.93762 -0.62946 -6.16085 77.6413 12.962 46.3453 22.6146 -12.9959 34.4143 11.9337 -3.16854 42.992 20.866 -5.96307 46.0889 43.7053 -16.7715 2.94603 1.07731 -11.6973 
5036069000000 5.19875 -1.1331 -6.07354 78.9464 13.1837 51.5602 25.1492 -12.9959 39.1144 15.4451 -3.11066 44.3831 22.6772 -5.8554 50.2639 42.8532 -16.4874 2.94603 -0.0680022 -11.5223 
5036098000000 7.721 -1.1331 -5.95649 79.599 13.4054 54.1677 25.9941 -13.4478 42.6395 15.4451 -3.11066 45.7741 22.6772 -5.86878 54.439 42.001 -16.5243 2.94603 -0.0680022 -11.6973 
5036126000000 14.0266 1.88872 -4.84177 80.9041 13.4054 56.7752 27.6839 -13.4478 46.1645 17.786 -3.11066 45.7741 26.2997 -5.88216 62.7891 39.4446 -16.5612 2.94603 -0.0680022 -11.8723 
5036127000000 16.1285 2.89599 -4.54822 80.9041 13.1837 56.7752 29.3737 -13.6737 46.1645 18.9565 -3.22643 47.1652 28.1109 -6.12424 65.5725 38.5924 -17.2031 2.94603 -1.21332 -12.2222 
5036149000000 18.6507 4.4069 -4.10791 80.9041 13.1837 55.4714 31.0634 -13.8997 46.1645 21.2974 -3.3422 47.1652 31.7333 -6.36633 69.7475 37.7403 -17.845 2.94603 -2.35863 -12.2222 
5036176000000 19.9119 4.91053 -3.96113 80.9041 13.1837 56.7752 31.9083 -13.8997 46.1645 21.2974 -3.40009 47.1652 33.5446 -6.48737 71.1392 36.8881 -18.166 2.94603 -1.78597 -12.2222 
5036192000000 20.7526 5.41417 -3.81436 80.9041 12.7404 55.4714 31.9083 -13.8997 46.1645 22.4679 -3.45798 47.1652 35.3558 -6.60841 72.5309 36.8881 -18.4869 2.94603 -2.35863 -12.2222 
5036236000000 21.5934 5.41417 -3.81436 80.9041 12.297 55.4714 32.7532 -13.8997 46.1645 23.6384 -3.57375 47.1652 37.167 -6.8505 75.3142 36.036 -19.1288 2.94603 -2.35863 -12.2222 
5036277000000 22.0137 5.41417 -3.81436 80.9041 12.297 55.4714 33.5981 -13.8997 46.1645 23.6384 -3.63164 47.1652 37.167 -6.97154 75.3142 36.036 -19.4498 2.94603 -2.35863 -12.9221 
5036326000000 22.0137 5.41417 -3.81436 80.9041 12.297 55.4714 33.5981 -13.8997 46.1645 23.6384 -3.63164 44.3831 38.9782 -6.97154 75.3142 35.1838 -19.4498 2.94603 -4.07659 -13.0971 
5036366000000 22.0137 5.41417 -3.81436 80.9041 12.297 55.4714 33.5981 -13.8997 46.1645 23.6384 -3.63164 44.3831 38.9782 -6.95817 75.3142 35.1838 -19.4128 2.94603 -2.35863 -13.0971 
5036388000000 22.0137 5.41417 -3.81436 80.9041 12.297 55.4714 33.5981 -13.8997 44.9895 23.6384 -3.63164 44.3831 38.9782 -6.95817 75.3142 35.1838 -19.4128 2.94603 -4.64925 -13.2721 
5036431000000 22.0137 5.41417 -3.81436 80.9041 12.297 55.4714 33.5981 -13.6737 44.9895 23.6384 -3.63164 44.3831 38.9782 -6.95817 75.3142 35.1838 -19.4128 2.94603 -2.93128 -13.0971 
5036477000000 22.0137 5.41417 -3.9314 80.2516 12.297 55.4714 33.5981 -13.6737 44.9895 23.6384 -3.63164 44.3831 38.9782 -6.95817 75.3142 35.1838 -19.4128 2.94603 -2.93128 -13.0971 
5036518000000 22.4341 5.41417 -3.9314 80.2516 12.297 55.4714 34.443 -13.6737 44.9895 23.6384 -3.63164 44.3831 38.9782 -6.95817 75.3142 35.1838 -19.4128 2.94603 -3.50394 -13.2721 
5036536000000 22.4341 5.41417 -3.9314 80.2516 12.297 54.1677 34.443 -13.6737 44.9895 23.6384 -3.57375 44.3831 38.9782 -6.83712 75.3142 35.1838 -19.0919 2.94603 -3.50394 -13.622 
5036576000000 22.4341 5.41417 -3.9314 80.2516 12.297 54.1677 34.443 -13.6737 44.9895 23.6384 -3.57375 44.3831 38.9782 -6.83712 75.3142 35.1838 -19.0919 2.94603 -2.93128 -13.622 
5036586000000 22.4341 5.41417 -3.9314 80.2516 12.297 54.1677 34.443 -13.6737 44.9895 23.6384 -3.57375 44.3831 38.9782 -6.83712 75.3142 35.1838 -19.0919 2.94603 -2.93128 -13.797 
5036626000000 22.4341 5.41417 -3.9314 80.2516 12.297 54.1677 34.443 -13.6737 44.9895 23.6384 -3.57375 44.3831 38.9782 -6.83712 75.3142 35.1838 -19.0919 2.94603 -2.93128 -13.797 
5036676000000 21.5934 5.41417 -3.9314 80.2516 12.297 54.1677 34.443 -13.6737 44.9895 23.6384 -3.57375 44.3831 38.9782 -6.83712 75.3142 35.1838 -19.0919 2.94603 -2.93128 -13.972 
5036700000000 21.5934 5.41417 -3.9314 80.2516 12.297 54.1677 34.443 -13.6737 44.9895 23.6384 -3.57375 44.3831 38.9782 -6.83712 75.3142 35.1838 -19.0919 2.94603 -2.93128 -13.797 
5036726000000 21.5934 5.41417 -3.9314 80.2516 12.297 54.1677 34.443 -13.8997 44.9895 23.6384 -3.57375 44.3831 38.9782 -6.82375 75.3142 35.1838 -19.055 2.94603 -2.93128 -13.797 
5036761000000 21.5934 5.41417 -4.04845 79.599 12.0753 54.1677 34.443 -13.8997 44.9895 23.6384 -3.57375 44.3831 38.9782 -6.82375 75.3142 35.1838 -19.055 2.94603 -4.07659 -13.797 
5036785000000 21.5934 5.41417 -4.04845 79.599 12.0753 54.1677 34.443 -13.8997 44.9895 23.6384 -3.57375 44.3831 38.9782 -6.82375 75.3142 35.1838 -19.055 2.94603 -2.93128 -13.797 
5036826000000 21.5934 5.41417 -4.04845 79.599 12.0753 54.1677 34.443 -13.8997 44.9895 23.6384 -3.57375 44.3831 38.9782 -6.82375 75.3142 35.1838 -19.055 2.94603 -2.93128 -13.797 
5036834000000 21.5934 5.41417 -4.04845 79.599 12.0753 54.1677 34.443 -13.8997 44.9895 23.6384 -3.57375 44.3831 38.9782 -6.82375 75.3142 35.1838 -19.055 2.94603 -2.93128 -13.797 
5036926000000 21.5934 5.41417 -4.04845 79.599 12.0753 54.1677 34.443 -13.8997 44.9895 23.6384 -3.57375 44.3831 38.9782 -6.82375 75.3142 35.1838 -19.055 2.94603 -2.93128 -13.797 
5036939000000 21.5934 5.41417 -4.04845 79.599 12.0753 54.1677 34.443 -13.8997 44.9895 23.6384 -3.57375 44.3831 38.9782 -6.82375 75.3142 35.1838 -19.055 2.94603 -2.93128 -13.797 
5036976000000 21.5934 5.41417 -4.04845 79.599 12.0753 54.1677 34.443 -13.8997 44.9895 23.6384 -3.57375 44.3831 38.9782 -6.82375 76.7059 34.3317 -19.055 2.94603 -2.93128 -13.4471 
5036996000000 21.5934 5.41417 -4.04845 79.599 12.0753 54.1677 34.443 -13.8997 44.9895 23.6384 -3.57375 44.3831 38.9782 -6.82375 76.7059 34.3317 -19.055 2.94603 -2.93128 -13.622 
5037027000000 21.5934 5.41417 -4.04845 79.599 12.0753 54.1677 34.443 -13.8997 44.9895 23.6384 -3.57375 44.3831 38.9782 -6.82375 76.7059 34.3317 -19.055 2.94603 -2.93128 -13.622 
5037076000000 21.5934 5.41417 -4.04845 79.599 12.0753 54.1677 34.443 -13.8997 44.9895 23.6384 -3.57375 44.3831 38.9782 -6.82375 76.7059 34.3317 -19.055 2.94603 -2.93128 -13.4471 
5037110000000 21.5934 5.41417 -4.04845 79.599 12.0753 54.1677 34.443 -13.8997 44.9895 23.6384 -3.51586 44.3831 38.9782 -6.7027 76.7059 34.3317 -18.734 2.94603 -4.64925 -13.4471 
5037149000000 21.5934 5.41417 -4.04845 79.599 12.0753 54.1677 34.443 -14.1257 44.9895 23.6384 -3.51586 44.3831 38.9782 -6.7027 76.7059 34.3317 -18.734 2.94603 -2.93128 -13.4471 
5037176000000 21.5934 5.41417 -4.04845 79.599 12.0753 54.1677 34.443 -14.1257 44.9895 23.6384 -3.51586 44.3831 38.9782 -6.7027 76.7059 34.3317 -18.734 2.94603 -2.93128 -13.4471 
5037195000000 21.5934 5.41417 -4.04845 79.599 12.0753 54.1677 34.443 -14.1257 44.9895 23.6384 -3.51586 44.3831 38.9782 -6.7027 76.7059 34.3317 -18.734 2.94603 -2.35863 -13.4471 
5037227000000 21.5934 5.41417 -4.04845 79.599 12.0753 54.1677 34.443 -14.1257 44.9895 23.6384 -3.51586 44.3831 38.9782 -6.7027 76.7059 34.3317 -18.734 2.94603 -2.35863 -13.4471 
5037275000000 21.5934 5.41417 -4.04845 79.599 12.0753 54.1677 34.443 -14.1257 44.9895 23.6384 -3.51586 44.3831 38.9782 -6.7027 76.7059 34.3317 -18.734 2.94603 -2.93128 -13.4471 
5037276000000 21.5934 5.41417 -4.16549 78.9464 12.0753 54.1677 34.443 -14.1257 44.9895 23.6384 -3.51586 44.3831 38.9782 -6.68933 76.7059 34.3317 -18.6971 2.94603 -4.07659 -13.4471 
5037311000000 21.5934 5.91781 -4.01872 78.9464 12.0753 54.1677 34.443 -14.1257 44.9895 23.6384 -3.51586 44.3831 38.9782 -6.68933 76.7059 34.3317 -18.6971 2.94603 -2.93128 -13.4471 
5037369000000 21.5934 5.91781 -4.01872 78.9464 12.0753 54.1677 34.443 -14.1257 44.9895 23.6384 -3.51586 44.3831 38.9782 -6.68933 76.7059 34.3317 -18.6971 2.94603 -2.35863 -13.4471 
5037426000000 21.5934 5.91781 -4.01872 78.9464 12.0753 54.1677 34.443 -14.1257 44.9895 23.6384 -3.51586 44.3831 38.9782 -6.68933 76.7059 34.3317 -18.6971 2.94603 -2.35863 -13.4471 
5037426000000 21.5934 5.91781 -4.01872 78.9464 12.0753 54.1677 34.443 -14.1257 44.9895 23.6384 -3.51586 44.3831 38.9782 -6.68933 76.7059 34.3317 -18.6971 2.94603 -2.35863 -13.4471 
5037452000000 21.5934 5.91781 -4.01872 78.9464 12.0753 54.1677 34.443 -14.1257 44.9895 23.6384 -3.51586 44.3831 38.9782 -6.68933 76.7059 34.3317 -18.6971 2.94603 -2.35863 -13.4471 
5037477000000 21.5934 5.91781 -4.01872 78.9464 11.8536 54.1677 34.443 -14.1257 44.9895 23.6384 -3.51586 44.3831 38.9782 -6.68933 76.7059 34.3317 -18.6971 2.94603 -3.50394 -13.622 
5037520000000 21.5934 5.91781 -4.01872 78.9464 11.8536 54.1677 34.443 -14.1257 44.9895 23.6384 -3.51586 44.3831 38.9782 -6.68933 76.7059 34.3317 -18.6971 2.94603 -2.35863 -13.797 
5037527000000 21.5934 5.91781 -4.01872 78.9464 11.8536 54.1677 34.443 -14.1257 44.9895 23.6384 -3.51586 44.3831 38.9782 -6.68933 76.7059 34.3317 -18.6971 2.94603 -3.50394 -13.797 
5037587000000 21.5934 5.91781 -4.01872 78.9464 11.8536 54.1677 34.443 -14.1257 44.9895 23.6384 -3.51586 44.3831 38.9782 -6.68933 76.7059 34.3317 -18.6971 2.94603 -2.35863 -13.797 
5037626000000 21.5934 5.91781 -4.01872 78.9464 11.8536 54.1677 34.443 -14.1257 44.9895 23.6384 -3.51586 44.3831 38.9782 -6.68933 76.7059 34.3317 -18.6971 2.94603 -2.35863 -13.797 
5037655000000 21.5934 5.91781 -4.01872 78.9464 11.8536 54.1677 34.443 -14.1257 44.9895 23.6384 -3.51586 44.3831 38.9782 -6.68933 76.7059 34.3317 -18.6971 2.94603 -2.35863 -13.797 
5037676000000 21.5934 5.91781 -4.01872 78.9464 11.8536 54.1677 34.443 -14.1257 44.9895 23.6384 -3.51586 44.3831 38.9782 -6.68933 76.7059 34.3317 -18.6971 2.94603 -2.35863 -13.797 
5037726000000 21.5934 5.91781 -4.01872 78.9464 11.8536 54.1677 34.443 -14.3516 44.9895 23.6384 -3.51586 44.3831 38.9782 -6.68933 76.7059 34.3317 -18.6971 2.94603 -2.35863 -13.797 
5037771000000 21.5934 5.91781 -4.01872 78.9464 11.8536 54.1677 34.443 -14.3516 44.9895 23.6384 -3.51586 44.3831 38.9782 -6.68933 76.7059 34.3317 -18.6971 2.94603 -2.35863 -13.797 
5037826000000 21.5934 5.91781 -4.01872 78.9464 11.8536 54.1677 34.443 -14.3516 44.9895 23.6384 -3.51586 44.3831 38.9782 -6.68933 76.7059 34.3317 -18.6971 2.94603 -2.35863 -13.797 
5037876000000 21.173 5.91781 -4.01872 78.9464 11.8536 54.1677 34.443 -14.3516 44.9895 23.6384 -3.51586 44.3831 38.9782 -6.68933 76.7059 34.3317 -18.6971 2.94603 -2.35863 -13.622 
5037904000000 21.173 5.91781 -4.01872 78.9464 11.8536 54.1677 34.443 -14.3516 44.9895 23.6384 -3.51586 44.3831 38.9782 -6.68933 76.7059 34.3317 -18.6971 2.94603 -2.35863 -13.622 
5037926000000 21.173 5.91781 -4.01872 78.9464 11.8536 54.1677 34.443 -14.3516 44.9895 23.6384 -3.51586 44.3831 38.9782 -6.68933 76.7059 34.3317 -18.6971 2.94603 -2.35863 -13.622 
5037969000000 21.173 5.91781 -4.01872 78.9464 11.8536 54.1677 34.443 -14.3516 44.9895 23.6384 -3.51586 44.3831 38.9782 -6.68933 76.7059 34.3317 -18.6971 2.94603 -2.35863 -13.622 
5037982000000 21.173 5.91781 -4.01872 78.9464 11.8536 54.1677 34.443 -14.3516 44.9895 22.4679 -3.51586 44.3831 38.9782 -6.68933 76.7059 34.3317 -18.6971 2.94603 -2.35863 -13.622 
5038026000000 21.173 5.91781 -4.01872 78.9464 11.8536 54.1677 34.443 -14.3516 44.9895 22.4679 -3.51586 44.3831 38.9782 -6.68933 76.7059 34.3317 -18.6971 2.94603 -2.35863 -13.622 
5038062000000 21.173 5.91781 -4.01872 78.9464 11.8536 54.1677 34.443 -14.3516 44.9895 22.4679 -3.51586 44.3831 38.9782 -6.68933 76.7059 34.3317 -18.6971 2.94603 -2.35863 -13.622 
5038090000000 21.173 5.91781 -4.01872 78.9464 11.8536 54.1677 34.443 -14.3516 44.9895 22.4679 -3.51586 44.3831 38.9782 -6.68933 76.7059 34.3317 -18.6971 2.94603 -4.07659 -13.622 
5038126000000 21.173 5.91781 -4.01872 78.9464 11.8536 54.1677 34.443 -14.3516 44.9895 22.4679 -3.51586 44.3831 38.9782 -6.68933 78.0976 34.3317 -18.6971 2.94603 -2.35863 -13.622 
5038142000000 21.173 5.91781 -4.01872 78.9464 11.8536 54.1677 34.443 -14.3516 44.9895 22.4679 -3.51586 44.3831 38.9782 -6.68933 78.0976 34.3317 -18.6971 2.94603 -2.35863 -13.622 
5038176000000 21.173 5.91781 -4.01872 78.9464 11.8536 54.1677 34.443 -14.3516 44.9895 22.4679 -3.51586 44.3831 38.9782 -6.68933 78.0976 34.3317 -18.6971 2.94603 -3.50394 -13.622 
5038226000000 21.173 5.91781 -4.01872 78.9464 11.8536 54.1677 34.443 -14.3516 44.9895 22.4679 -3.51586 44.3831 38.9782 -6.68933 78.0976 34.3317 -18.6971 2.94603 -2.35863 -13.622 
5038226000000 21.173 5.91781 -4.01872 78.9464 11.8536 54.1677 34.443 -14.3516 44.9895 22.4679 -3.51586 44.3831 38.9782 -6.68933 78.0976 34.3317 -18.6971 2.94603 -2.35863 -13.622 
5038277000000 21.173 5.91781 -4.01872 78.9464 11.8536 54.1677 34.443 -14.3516 44.9895 22.4679 -3.51586 44.3831 38.9782 -6.68933 78.0976 34.3317 -18.6971 2.94603 -2.35863 -13.622 
5038326000000 21.173 5.91781 -4.01872 78.9464 11.8536 54.1677 34.443 -14.3516 44.9895 22.4679 -3.51586 44.3831 38.9782 -6.68933 78.0976 34.3317 -18.6971 2.94603 -2.35863 -13.622 
5038348000000 21.173 5.91781 -4.01872 78.9464 11.8536 54.1677 34.443 -14.3516 44.9895 22.4679 -3.51586 44.3831 38.9782 -6.68933 78.0976 34.3317 -18.6971 2.94603 -2.35863 -13.622 
5038376000000 21.173 5.91781 -4.01872 78.9464 11.8536 54.1677 34.443 -14.3516 44.9895 22.4679 -3.51586 44.3831 38.9782 -6.68933 78.0976 34.3317 -18.6971 2.94603 -2.35863 -13.622 
5038426000000 21.173 5.91781 -4.01872 78.9464 11.8536 54.1677 34.443 -14.3516 44.9895 22.4679 -3.51586 44.3831 38.9782 -6.68933 78.0976 34.3317 -18.6971 2.94603 -2.35863 -13.622 
5038439000000 21.173 5.91781 -4.01872 78.9464 11.8536 54.1677 34.443 -14.3516 44.9895 22.4679 -3.51586 44.3831 38.9782 -6.68933 78.0976 34.3317 -18.6971 2.94603 -2.35863 -13.622 
5038477000000 21.173 5.91781 -4.01872 78.9464 11.8536 54.1677 34.443 -14.3516 44.9895 22.4679 -3.51586 44.3831 38.9782 -6.68933 78.0976 34.3317 -18.6971 2.94603 -2.35863 -13.622 
5038526000000 21.173 5.91781 -4.01872 78.9464 11.8536 54.1677 34.443 -14.3516 44.9895 22.4679 -3.51586 44.3831 38.9782 -6.68933 78.0976 34.3317 -18.6971 2.94603 -2.35863 -13.622 
5038543000000 21.173 5.91781 -4.01872 78.9464 11.8536 54.1677 34.443 -14.3516 44.9895 22.4679 -3.51586 44.3831 38.9782 -6.68933 78.0976 34.3317 -18.6971 2.94603 -2.35863 -13.622 
5038581000000 21.173 5.91781 -4.01872 78.9464 11.8536 54.1677 35.2879 -14.3516 44.9895 22.4679 -3.51586 44.3831 38.9782 -6.68933 78.0976 34.3317 -18.6971 2.94603 -2.35863 -13.622 
5038626000000 21.173 5.91781 -4.01872 78.9464 11.8536 54.1677 35.2879 -14.3516 44.9895 22.4679 -3.51586 44.3831 38.9782 -6.68933 78.0976 34.3317 -18.6971 2.94603 -2.35863 -13.622 
5038633000000 21.173 5.91781 -4.01872 78.9464 11.8536 54.1677 35.2879 -14.3516 44.9895 22.4679 -3.51586 44.3831 38.9782 -6.68933 78.0976 34.3317 -18.6971 2.94603 -2.35863 -13.622 
5038726000000 21.173 5.91781 -4.01872 78.9464 11.8536 54.1677 35.2879 -14.3516 44.9895 22.4679 -3.51586 44.3831 38.9782 -6.68933 78.0976 34.3317 -18.6971 2.94603 -2.35863 -13.622 
5038734000000 21.173 5.91781 -4.01872 78.9464 11.8536 54.1677 35.2879 -14.3516 44.9895 22.4679 -3.51586 44.3831 38.9782 -6.68933 78.0976 34.3317 -18.6971 2.94603 -2.35863 -13.622 
5038776000000 21.173 5.91781 -4.01872 78.9464 11.8536 54.1677 35.2879 -14.3516 46.1645 22.4679 -3.51586 44.3831 38.9782 -6.68933 78.0976 34.3317 -18.6971 2.94603 -2.35863 -13.622 
5038805000000 21.173 5.91781 -4.01872 78.9464 11.8536 54.1677 35.2879 -14.3516 46.1645 22.4679 -3.51586 44.3831 38.9782 -6.68933 78.0976 34.3317 -18.6971 2.94603 -2.35863 -13.622 
5038826000000 21.173 5.91781 -4.01872 78.9464 11.8536 54.1677 35.2879 -14.3516 46.1645 22.4679 -3.51586 44.3831 38.9782 -6.68933 78.0976 34.3317 -18.6971 2.94603 -2.35863 -13.622 
5038847000000 21.173 5.91781 -4.01872 78.9464 11.8536 54.1677 35.2879 -14.3516 46.1645 23.6384 -3.51586 44.3831 38.9782 -6.68933 78.0976 34.3317 -18.6971 2.94603 -2.35863 -13.622 
5038880000000 21.173 5.91781 -4.01872 78.9464 11.8536 54.1677 35.2879 -14.3516 46.1645 23.6384 -3.51586 44.3831 38.9782 -6.68933 78.0976 34.3317 -18.6971 2.94603 -2.35863 -13.797 
5038926000000 21.173 5.91781 -4.01872 78.9464 11.8536 54.1677 35.2879 -14.3516 46.1645 23.6384 -3.51586 44.3831 38.9782 -6.68933 78.0976 34.3317 -18.6971 2.94603 -1.78597 -13.797 
5038980000000 21.173 5.91781 -4.01872 78.9464 11.8536 54.1677 35.2879 -14.3516 46.1645 23.6384 -3.51586 44.3831 38.9782 -6.68933 78.0976 34.3317 -18.6971 2.94603 -2.93128 -13.797 
5039026000000 21.173 5.91781 -4.01872 78.9464 11.8536 54.1677 35.2879 -14.3516 46.1645 23.6384 -3.51586 44.3831 38.9782 -6.68933 78.0976 34.3317 -18.6971 2.94603 -1.78597 -13.797 
5039056000000 21.173 5.91781 -4.01872 78.9464 11.8536 54.1677 35.2879 -14.3516 46.1645 23.6384 -3.51586 44.3831 38.9782 -6.68933 78.0976 34.3317 -18.6971 2.94603 -1.78597 -13.622 
5039076000000 21.173 5.91781 -4.01872 78.9464 11.8536 54.1677 35.2879 -14.3516 46.1645 23.6384 -3.51586 44.3831 38.9782 -6.67595 78.0976 34.3317 -18.6602 2.94603 -2.93128 -13.622 
5039119000000 21.173 5.91781 -4.01872 78.9464 11.8536 54.1677 35.2879 -14.3516 46.1645 23.6384 -3.51586 44.3831 38.9782 -6.67595 78.0976 34.3317 -18.6602 2.94603 -3.50394 -13.622 
5039126000000 21.173 5.91781 -4.01872 78.9464 11.8536 54.1677 35.2879 -14.3516 46.1645 23.6384 -3.51586 44.3831 38.9782 -6.67595 78.0976 34.3317 -18.6602 2.94603 -1.78597 -13.622 
5039146000000 21.173 5.91781 -4.01872 78.9464 11.8536 54.1677 35.2879 -14.3516 46.1645 23.6384 -3.51586 44.3831 38.9782 -6.67595 78.0976 34.3317 -18.6602 2.94603 -1.78597 -13.622 
