#time#THJ1#THJ2#THJ3#THJ4#THJ5#FFJ0#FFJ3#FFJ4#MFJ0#MFJ3#MFJ4#RFJ0#RFJ3#RFJ4#LFJ0#LFJ3#LFJ4#LFJ5#WRJ1#WRJ2
5832976000000 29.1601 34.1214 -2.58794 41.0975 -5.43789 146.732 88.5158 0.787234 129.591 93.8664 0.536213 144.538 163.953 2.86718 161.599 82.9043 6.75833 2.94603 -18.393 -6.27297 
5833016000000 29.1601 34.1214 -2.58794 41.0975 -5.43789 146.732 88.5158 0.787234 129.591 93.8664 0.536213 145.929 163.953 2.86718 161.599 82.9043 6.75833 2.94603 -17.2477 -6.27297 
5833030000000 29.1601 34.1214 -2.47089 41.75 -5.43789 146.732 88.5158 0.787234 129.591 93.8664 0.536213 145.929 163.953 2.86718 161.599 82.9043 6.75833 2.94603 -17.2477 -6.27297 
5833076000000 28.7397 34.1214 -2.47089 41.75 -5.43789 146.732 88.5158 0.787234 129.591 93.8664 0.536213 145.929 163.953 2.86718 161.599 82.9043 6.75833 2.94603 -17.2477 -6.27297 
5833095000000 28.7397 34.1214 -2.47089 41.75 -5.43789 146.732 88.5158 0.787234 129.591 93.8664 0.536213 145.929 163.953 2.86718 161.599 82.9043 6.75833 2.94603 -17.2477 -6.27297 
5833126000000 28.7397 34.1214 -2.47089 41.75 -5.43789 146.732 88.5158 0.787234 129.591 93.8664 0.536213 145.929 163.953 2.86718 161.599 82.9043 6.75833 2.94603 -17.2477 -6.27297 
5833158000000 28.7397 34.1214 -2.47089 41.75 -5.43789 146.732 88.5158 0.787234 129.591 93.8664 0.536213 145.929 163.953 2.86718 161.599 82.9043 6.75833 2.94603 -17.2477 -6.44794 
5833189000000 28.7397 34.1214 -2.47089 41.75 -5.43789 146.732 88.5158 0.787234 129.591 93.8664 0.536213 145.929 163.953 2.86718 161.599 82.9043 6.75833 2.94603 -17.2477 -6.44794 
5833226000000 28.7397 34.1214 -2.47089 41.75 -5.43789 146.732 88.5158 0.787234 129.591 93.8664 0.536213 145.929 163.953 2.86718 161.599 82.9043 6.75833 2.94603 -18.393 -6.44794 
5833276000000 29.1601 34.1214 -2.47089 41.75 -5.43789 146.732 88.5158 0.787234 129.591 93.8664 0.536213 145.929 163.953 2.86718 161.599 82.9043 6.75833 2.94603 -17.2477 -6.44794 
5833276000000 29.1601 34.1214 -2.47089 41.75 -5.43789 146.732 88.5158 0.787234 129.591 93.8664 0.536213 145.929 163.953 2.86718 161.599 82.9043 6.75833 2.94603 -17.2477 -6.44794 
5833326000000 29.1601 34.1214 -2.47089 41.75 -5.43789 146.732 88.5158 0.787234 129.591 93.8664 0.594099 145.929 163.953 2.98822 161.599 82.9043 7.07928 2.94603 -17.2477 -6.44794 
5833377000000 29.1601 34.1214 -2.47089 41.75 -5.43789 146.732 88.5158 0.787234 129.591 93.8664 0.594099 145.929 163.953 2.98822 161.599 82.9043 7.07928 2.94603 -17.2477 -6.44794 
5833426000000 29.1601 34.1214 -2.47089 41.75 -5.43789 146.732 88.5158 0.787234 129.591 93.8664 0.594099 145.929 163.953 2.98822 161.599 82.9043 7.07928 2.94603 -17.2477 -6.44794 
5833474000000 28.7397 34.1214 -2.47089 41.75 -5.43789 146.732 88.5158 0.787234 129.591 93.8664 0.594099 145.929 163.953 2.98822 161.599 82.9043 7.07928 2.94603 -17.2477 -6.44794 
5833479000000 28.7397 34.1214 -2.47089 41.75 -5.43789 146.732 88.5158 0.787234 129.591 93.8664 0.594099 145.929 163.953 2.98822 161.599 82.9043 7.07928 2.94603 -17.2477 -6.44794 
5833501000000 28.7397 34.1214 -2.47089 41.75 -5.43789 146.732 88.5158 0.787234 129.591 93.8664 0.594099 145.929 163.953 2.98822 161.599 82.9043 7.07928 2.94603 -17.2477 -6.44794 
5833531000000 28.7397 34.1214 -2.47089 41.75 -5.43789 146.732 88.5158 0.787234 129.591 93.8664 0.594099 145.929 163.953 2.98822 161.599 82.9043 7.07928 2.94603 -17.2477 -6.44794 
5833576000000 28.7397 34.1214 -2.47089 41.75 -4.99452 146.732 88.5158 0.787234 129.591 93.8664 0.594099 145.929 163.953 2.98822 161.599 82.9043 7.07928 2.94603 -18.393 -6.44794 
5833626000000 28.7397 34.1214 -2.47089 41.75 -5.2162 146.732 88.5158 0.787234 129.591 93.8664 0.594099 145.929 163.953 2.98822 161.599 82.9043 7.07928 2.94603 -17.2477 -6.44794 
5833666000000 28.7397 34.1214 -2.47089 41.75 -5.2162 146.732 88.5158 0.787234 129.591 93.8664 0.594099 144.538 163.953 2.98822 161.599 82.9043 7.07928 2.94603 -17.2477 -6.09799 
5833686000000 28.7397 34.1214 -2.23681 43.0552 -4.99452 144.125 88.5158 0.787234 129.591 93.8664 0.536213 140.365 163.953 2.86718 161.599 82.9043 6.75833 2.94603 -16.1024 -6.44794 
5833727000000 25.7971 31.0996 -2.41519 46.9706 -4.10777 132.391 79.222 0.787234 116.666 89.1845 0.362551 125.064 149.463 2.42379 140.723 76.9392 5.57407 2.94603 -15.5297 -9.07262 
5833776000000 23.6952 27.0705 -2.88711 50.886 -3.44271 115.443 69.9282 0.787234 103.741 78.6503 -0.447863 109.762 133.162 0.648931 118.456 71.8263 0.859391 2.94603 -14.9571 -9.94751 
5833783000000 22.4341 25.5596 -2.85926 53.4963 -2.99934 102.406 62.3243 0.109375 93.1655 70.457 -0.85307 97.2427 122.294 -0.225122 107.323 68.4177 -1.46104 2.94603 -13.8117 -10.2975 
5833827000000 19.0711 21.5305 -2.98005 59.3694 -1.66923 55.4714 53.0305 -3.05396 55.5647 59.9228 -1.1425 73.595 100.56 -0.897221 89.2311 60.7483 -3.2503 2.94603 -10.3758 -11.1724 
5833876000000 16.5489 19.0123 -2.89461 63.9373 -0.560796 33.3081 46.2714 -4.86159 41.4644 51.7296 -1.08462 63.8577 75.2027 -0.88319 76.7059 56.4876 -3.22458 2.94603 -5.2219 -12.7472 
5833898000000 14.447 16.4942 -3.04326 67.2002 0.991005 22.8782 40.3572 -7.34707 34.4143 40.0249 -1.31616 56.9025 62.5241 -1.44762 66.9641 54.7833 -4.72979 2.94603 -2.35863 -13.4471 
5833937000000 11.5044 12.4651 -3.51519 71.1156 2.32112 15.0559 30.2185 -9.6066 26.1891 28.3202 -2.12658 48.5562 53.468 -3.24923 53.0473 53.9311 -9.51827 2.94603 1.64996 -12.9221 
5833976000000 9.4025 7.93235 -4.36797 73.7259 4.09461 11.1447 20.9248 -11.8661 21.489 15.4451 -2.53179 41.601 37.167 -4.24368 40.5222 47.1139 -12.1708 2.94603 4.51324 -12.7472 
5833989000000 8.98212 6.92508 -4.42743 75.031 4.98135 11.1447 19.235 -12.544 21.489 10.7632 -2.58967 38.8189 31.7333 -4.41823 34.9554 44.5575 -12.6394 2.94603 6.23121 -12.5722 
5834026000000 10.2432 7.93235 -3.31458 79.599 7.64158 20.2708 18.3901 -12.544 27.3642 7.25181 -2.4739 40.21 26.2997 -4.22965 30.7804 47.9661 -12.1451 2.94603 9.09449 -12.0472 
5834076000000 11.5044 10.4505 -2.22959 81.5567 9.41507 30.7006 24.3043 -10.9623 35.5893 11.9337 -1.95292 44.3831 29.9221 -3.16701 34.9554 52.2268 -9.33042 2.94603 8.52183 -11.3473 
5834082000000 11.5044 11.4578 -1.819 82.2093 10.0801 33.3081 25.9941 -10.7364 39.1144 13.1041 -1.83715 47.1652 29.9221 -2.95168 36.3471 55.6354 -8.76233 2.94603 8.52183 -10.9974 
5834126000000 11.5044 13.976 -0.968093 82.8618 11.4102 41.1304 31.9083 -9.83255 47.3396 17.786 -1.48983 52.7293 37.167 -2.22542 40.5222 59.8962 -6.83665 2.94603 7.37652 -11.1724 
5834191000000 12.7655 18.0051 0.20609 82.8618 13.4054 54.1677 43.7367 -8.02493 60.2648 25.9793 -0.968844 63.8577 40.7895 -1.12266 51.6556 59.8962 -3.91123 2.94603 5.0859 -10.9974 
5834226000000 12.7655 18.5087 0.352863 82.8618 13.6271 58.0789 44.5816 -7.34707 62.6149 27.1497 -0.910957 65.2487 40.7895 -0.988239 51.6556 59.044 -3.55337 2.94603 5.0859 -11.1724 
5834257000000 13.6062 19.0123 0.499636 82.8618 13.8488 60.6863 43.7367 -7.12112 64.9649 28.3202 -0.910957 65.2487 40.7895 -0.974862 53.0473 58.1919 -3.51647 2.94603 5.0859 -11.3473 
5834283000000 14.0266 18.5087 0.352863 82.8618 14.0705 63.2938 44.5816 -7.12112 66.1399 28.3202 -0.910957 66.6398 40.7895 -0.948109 54.439 56.4876 -3.44266 2.94603 5.0859 -11.6973 
5834326000000 14.447 18.5087 0.352863 82.8618 14.0705 64.5975 44.5816 -7.12112 66.1399 28.3202 -0.910957 66.6398 40.7895 -0.948109 54.439 55.6354 -3.44266 2.94603 5.0859 -12.0472 
5834327000000 15.2877 18.5087 0.352863 82.8618 14.0705 64.5975 45.4265 -7.12112 67.315 28.3202 -0.910957 66.6398 40.7895 -0.948109 55.8307 54.7833 -3.44266 2.94603 5.0859 -11.6973 
5834376000000 15.7081 18.5087 0.352863 82.8618 14.0705 65.9012 44.5816 -7.12112 68.49 28.3202 -0.910957 66.6398 40.7895 -0.948109 58.6141 53.079 -3.44266 2.94603 5.0859 -12.0472 
5834420000000 15.7081 18.5087 0.352863 82.8618 14.0705 65.9012 44.5816 -7.12112 68.49 28.3202 -0.910957 66.6398 40.7895 -0.948109 58.6141 53.9311 -3.44266 2.94603 5.0859 -11.8723 
5834444000000 15.7081 18.5087 0.352863 82.8618 14.0705 65.9012 44.5816 -7.12112 68.49 28.3202 -0.910957 68.0308 40.7895 -0.90798 61.3974 52.2268 -3.33195 2.94603 5.0859 -11.5223 
5834476000000 15.7081 18.5087 0.352863 82.8618 14.0705 65.9012 44.5816 -7.12112 68.49 28.3202 -0.910957 68.0308 40.7895 -0.90798 62.7891 51.3747 -3.33195 2.94603 5.0859 -11.5223 
5834500000000 15.7081 19.0123 0.499636 82.8618 13.8488 65.9012 44.5816 -7.34707 68.49 28.3202 -0.910957 68.0308 40.7895 -0.90798 61.3974 51.3747 -3.33195 2.94603 5.0859 -11.6973 
5834526000000 15.7081 19.0123 0.499636 82.8618 13.8488 65.9012 44.5816 -7.34707 68.49 28.3202 -0.910957 68.0308 40.7895 -0.90798 61.3974 51.3747 -3.33195 2.94603 5.0859 -11.6973 
5834576000000 15.7081 19.0123 0.499636 82.8618 13.8488 65.9012 44.5816 -7.34707 68.49 28.3202 -0.910957 68.0308 40.7895 -0.90798 61.3974 51.3747 -3.33195 2.94603 6.23121 -11.1724 
5834626000000 15.7081 19.0123 0.382593 82.2093 13.8488 65.9012 44.5816 -7.34707 68.49 28.3202 -0.910957 68.0308 40.7895 -0.90798 61.3974 51.3747 -3.33195 2.94603 3.36793 -10.9974 
5834636000000 15.7081 19.0123 0.382593 82.2093 13.8488 65.9012 44.5816 -7.34707 68.49 28.3202 -0.910957 68.0308 40.7895 -0.90798 61.3974 51.3747 -3.33195 2.94603 6.23121 -10.9974 
5834676000000 15.2877 19.0123 0.382593 82.2093 13.8488 64.5975 44.5816 -7.34707 68.49 28.3202 -0.910957 68.0308 40.7895 -0.90798 61.3974 51.3747 -3.33195 2.94603 6.23121 -10.9974 
5834704000000 15.2877 19.0123 0.382593 82.2093 13.8488 64.5975 44.5816 -7.34707 68.49 28.3202 -0.910957 68.0308 40.7895 -0.90798 61.3974 51.3747 -3.33195 2.94603 5.65855 -10.9974 
5834728000000 15.2877 19.0123 0.382593 82.2093 13.8488 64.5975 44.5816 -7.34707 68.49 28.3202 -0.910957 68.0308 40.7895 -0.90798 61.3974 51.3747 -3.33195 2.94603 6.23121 -10.9974 
5834776000000 15.2877 19.0123 0.382593 82.2093 13.8488 64.5975 44.5816 -7.34707 68.49 28.3202 -0.910957 66.6398 40.7895 -0.894603 61.3974 51.3747 -3.29505 2.94603 6.23121 -10.9974 
5834817000000 15.2877 19.0123 0.382593 82.2093 13.8488 64.5975 44.5816 -7.34707 68.49 28.3202 -0.910957 66.6398 40.7895 -0.894603 61.3974 51.3747 -3.29505 2.94603 6.23121 -10.9974 
5834836000000 15.2877 19.0123 0.382593 82.2093 13.8488 64.5975 44.5816 -7.34707 68.49 28.3202 -0.85307 66.6398 40.7895 -0.77356 61.3974 51.3747 -2.9741 2.94603 6.23121 -10.9974 
5834876000000 15.2877 19.0123 0.382593 82.2093 13.4054 64.5975 44.5816 -7.12112 68.49 28.3202 -0.85307 66.6398 40.7895 -0.77356 61.3974 51.3747 -2.9741 2.94603 6.23121 -10.9974 
5834903000000 15.2877 19.0123 0.382593 82.2093 13.4054 64.5975 44.5816 -7.12112 68.49 28.3202 -0.85307 66.6398 40.7895 -0.77356 61.3974 51.3747 -2.9741 2.94603 6.23121 -10.9974 
5834927000000 15.2877 19.0123 0.382593 82.2093 13.4054 64.5975 44.5816 -7.12112 68.49 28.3202 -0.85307 66.6398 40.7895 -0.77356 61.3974 51.3747 -2.9741 2.94603 6.23121 -10.9974 
5834977000000 15.2877 19.0123 0.382593 82.2093 13.4054 64.5975 44.5816 -7.12112 68.49 28.3202 -0.85307 66.6398 40.7895 -0.77356 61.3974 51.3747 -2.9741 2.94603 6.23121 -10.6474 
5835001000000 15.2877 19.0123 0.26555 81.5567 13.4054 64.5975 44.5816 -7.12112 68.49 28.3202 -0.85307 66.6398 40.7895 -0.77356 61.3974 51.3747 -2.9741 2.94603 6.23121 -10.6474 
5835026000000 15.2877 19.0123 0.26555 81.5567 13.4054 64.5975 44.5816 -7.34707 68.49 28.3202 -0.85307 66.6398 40.7895 -0.77356 61.3974 51.3747 -2.9741 2.94603 6.23121 -10.8224 
5835076000000 15.2877 19.0123 0.26555 81.5567 13.4054 64.5975 44.5816 -7.34707 68.49 28.3202 -0.85307 66.6398 38.9782 -0.760184 61.3974 51.3747 -2.9372 2.94603 6.23121 -10.6474 
5835107000000 15.2877 19.0123 0.26555 81.5567 13.4054 64.5975 44.5816 -7.34707 68.49 28.3202 -0.85307 66.6398 38.9782 -0.760184 61.3974 51.3747 -2.9372 2.94603 6.23121 -10.6474 
5835126000000 15.2877 19.0123 0.26555 81.5567 13.4054 64.5975 44.5816 -7.34707 68.49 28.3202 -0.85307 66.6398 38.9782 -0.760184 61.3974 51.3747 -2.9372 2.94603 6.23121 -10.6474 
5835183000000 15.2877 19.0123 0.26555 81.5567 13.4054 64.5975 44.5816 -7.34707 68.49 28.3202 -0.85307 66.6398 38.9782 -0.760184 61.3974 51.3747 -2.9372 2.94603 6.23121 -10.6474 
5835226000000 15.2877 19.0123 0.26555 81.5567 13.4054 64.5975 44.5816 -7.34707 68.49 28.3202 -0.85307 66.6398 38.9782 -0.760184 61.3974 51.3747 -2.9372 2.94603 6.23121 -10.6474 
5835241000000 15.2877 19.0123 0.26555 81.5567 13.4054 64.5975 44.5816 -7.12112 68.49 28.3202 -0.85307 66.6398 38.9782 -0.760184 61.3974 51.3747 -2.9372 2.94603 5.0859 -10.6474 
5835277000000 15.2877 19.0123 0.26555 81.5567 13.4054 63.2938 44.5816 -7.12112 67.315 28.3202 -0.85307 66.6398 38.9782 -0.760184 61.3974 51.3747 -2.9372 2.94603 6.23121 -10.6474 
5835326000000 15.2877 19.0123 0.26555 81.5567 13.4054 63.2938 44.5816 -7.12112 67.315 28.3202 -0.85307 66.6398 38.9782 -0.760184 61.3974 51.3747 -2.9372 2.94603 6.23121 -10.6474 
5835342000000 15.2877 19.0123 0.26555 81.5567 13.4054 63.2938 44.5816 -7.12112 67.315 28.3202 -0.85307 66.6398 38.9782 -0.760184 61.3974 51.3747 -2.9372 2.94603 6.23121 -10.6474 
5835376000000 15.2877 19.0123 0.26555 81.5567 13.4054 63.2938 44.5816 -7.12112 67.315 28.3202 -0.85307 66.6398 38.9782 -0.760184 61.3974 51.3747 -2.9372 2.94603 6.23121 -10.6474 
5835417000000 14.8674 19.0123 0.26555 81.5567 13.4054 63.2938 44.5816 -7.12112 67.315 28.3202 -0.85307 66.6398 38.9782 -0.760184 61.3974 51.3747 -2.9372 2.94603 4.51324 -10.6474 
5835476000000 14.8674 19.0123 0.26555 81.5567 13.4054 63.2938 44.5816 -7.12112 67.315 28.3202 -0.85307 66.6398 38.9782 -0.760184 61.3974 51.3747 -2.9372 2.94603 6.23121 -10.6474 
5835486000000 14.8674 19.0123 0.26555 81.5567 13.4054 63.2938 44.5816 -7.12112 67.315 28.3202 -0.85307 66.6398 38.9782 -0.760184 61.3974 52.2268 -2.9372 2.94603 5.0859 -10.6474 
5835526000000 14.8674 19.0123 0.26555 81.5567 13.4054 63.2938 44.5816 -7.12112 67.315 28.3202 -0.85307 66.6398 38.9782 -0.760184 61.3974 52.2268 -2.9372 2.94603 6.23121 -10.6474 
5835576000000 14.8674 19.0123 0.26555 81.5567 13.4054 63.2938 44.5816 -7.12112 67.315 28.3202 -0.85307 66.6398 38.9782 -0.760184 61.3974 52.2268 -2.9372 2.94603 6.23121 -10.6474 
5835577000000 14.8674 19.0123 0.26555 81.5567 13.4054 63.2938 44.5816 -7.12112 67.315 28.3202 -0.85307 66.6398 38.9782 -0.760184 61.3974 52.2268 -2.9372 2.94603 6.23121 -10.6474 
5835626000000 14.8674 19.0123 0.26555 81.5567 13.4054 63.2938 44.5816 -7.12112 67.315 28.3202 -0.85307 66.6398 38.9782 -0.760184 61.3974 52.2268 -2.9372 2.94603 6.23121 -10.6474 
5835676000000 14.8674 19.0123 0.26555 81.5567 13.4054 63.2938 44.5816 -7.12112 67.315 28.3202 -0.85307 66.6398 38.9782 -0.760184 61.3974 52.2268 -2.9372 2.94603 6.23121 -10.6474 
5835716000000 14.8674 19.0123 0.26555 81.5567 13.4054 63.2938 44.5816 -7.12112 67.315 28.3202 -0.85307 66.6398 38.9782 -0.760184 61.3974 52.2268 -2.9372 2.94603 6.23121 -10.6474 
5835733000000 14.8674 19.0123 0.26555 81.5567 13.1837 63.2938 44.5816 -7.12112 67.315 28.3202 -0.85307 66.6398 38.9782 -0.760184 61.3974 52.2268 -2.9372 2.94603 3.36793 -10.6474 
5835777000000 14.8674 19.0123 0.26555 81.5567 13.1837 63.2938 44.5816 -7.12112 67.315 28.3202 -0.85307 66.6398 38.9782 -0.760184 61.3974 52.2268 -2.9372 2.94603 6.23121 -10.6474 
5835826000000 14.8674 19.0123 0.26555 81.5567 13.1837 63.2938 44.5816 -7.12112 67.315 28.3202 -0.85307 66.6398 38.9782 -0.760184 61.3974 52.2268 -2.9372 2.94603 6.23121 -10.6474 
5835831000000 14.8674 19.0123 0.26555 81.5567 13.1837 63.2938 44.5816 -7.12112 67.315 28.3202 -0.85307 66.6398 38.9782 -0.760184 61.3974 52.2268 -2.9372 2.94603 6.23121 -10.6474 
5835887000000 14.8674 19.0123 0.26555 81.5567 13.1837 63.2938 44.5816 -7.12112 67.315 28.3202 -0.85307 66.6398 38.9782 -0.760184 61.3974 52.2268 -2.9372 2.94603 6.23121 -10.6474 
5835921000000 14.8674 19.0123 0.26555 81.5567 13.1837 63.2938 44.5816 -7.12112 67.315 28.3202 -0.85307 66.6398 38.9782 -0.760184 61.3974 52.2268 -2.9372 2.94603 6.23121 -10.6474 
5835937000000 14.8674 19.0123 0.26555 81.5567 13.1837 63.2938 44.5816 -7.12112 67.315 28.3202 -0.85307 66.6398 38.9782 -0.760184 61.3974 52.2268 -2.9372 2.94603 6.23121 -10.6474 
5836007000000 14.8674 19.0123 0.26555 81.5567 13.1837 63.2938 44.5816 -7.12112 67.315 28.3202 -0.85307 66.6398 38.9782 -0.760184 61.3974 52.2268 -2.9372 2.94603 6.23121 -10.6474 
5836031000000 14.8674 19.0123 0.26555 81.5567 13.1837 63.2938 44.5816 -7.12112 67.315 28.3202 -0.85307 66.6398 38.9782 -0.760184 61.3974 52.2268 -2.9372 2.94603 6.23121 -10.6474 
5836076000000 14.8674 19.0123 0.26555 81.5567 13.1837 63.2938 44.5816 -7.12112 67.315 28.3202 -0.85307 66.6398 38.9782 -0.760184 61.3974 52.2268 -2.9372 2.94603 6.23121 -10.6474 
5836126000000 14.8674 19.0123 0.26555 81.5567 13.1837 63.2938 44.5816 -7.12112 67.315 28.3202 -0.85307 66.6398 38.9782 -0.760184 61.3974 52.2268 -2.9372 2.94603 6.23121 -10.6474 
5836137000000 14.8674 19.0123 0.26555 81.5567 13.1837 63.2938 44.5816 -6.89516 67.315 28.3202 -0.85307 66.6398 38.9782 -0.760184 61.3974 52.2268 -2.9372 2.94603 6.23121 -10.6474 
5836182000000 14.8674 19.0123 0.148507 80.9041 13.1837 63.2938 44.5816 -6.89516 67.315 28.3202 -0.85307 66.6398 38.9782 -0.760184 61.3974 52.2268 -2.9372 2.94603 6.23121 -10.6474 
5836209000000 14.8674 19.0123 0.148507 80.9041 13.1837 63.2938 44.5816 -6.89516 67.315 28.3202 -0.85307 66.6398 38.9782 -0.760184 61.3974 52.2268 -2.9372 2.94603 6.23121 -10.6474 
5836245000000 14.8674 19.0123 0.148507 80.9041 13.1837 63.2938 44.5816 -6.89516 67.315 28.3202 -0.85307 66.6398 38.9782 -0.760184 61.3974 52.2268 -2.9372 2.94603 6.23121 -10.6474 
5836287000000 14.8674 19.0123 0.148507 80.9041 13.1837 63.2938 44.5816 -6.89516 67.315 28.3202 -0.85307 66.6398 38.9782 -0.760184 61.3974 52.2268 -2.9372 2.94603 6.23121 -10.6474 
5836333000000 14.8674 19.0123 0.148507 80.9041 13.1837 63.2938 44.5816 -6.89516 67.315 28.3202 -0.85307 66.6398 38.9782 -0.760184 61.3974 52.2268 -2.9372 2.94603 6.23121 -10.6474 
5836376000000 14.8674 19.0123 0.148507 80.9041 13.1837 63.2938 44.5816 -6.89516 67.315 28.3202 -0.85307 66.6398 38.9782 -0.760184 61.3974 52.2268 -2.9372 2.94603 6.23121 -10.6474 
5836394000000 14.8674 19.0123 0.148507 80.9041 13.1837 63.2938 44.5816 -6.89516 67.315 28.3202 -0.85307 66.6398 38.9782 -0.760184 61.3974 52.2268 -2.9372 2.94603 6.80387 -10.6474 
5836427000000 14.8674 19.0123 0.148507 80.9041 13.1837 63.2938 44.5816 -6.89516 67.315 28.3202 -0.85307 66.6398 38.9782 -0.760184 61.3974 52.2268 -2.9372 2.94603 6.80387 -10.6474 
5836476000000 14.8674 19.0123 0.148507 80.9041 13.1837 63.2938 44.5816 -6.89516 67.315 28.3202 -0.85307 66.6398 38.9782 -0.760184 61.3974 52.2268 -2.9372 2.94603 6.80387 -10.6474 
5836520000000 14.8674 19.0123 0.148507 80.9041 13.1837 63.2938 44.5816 -6.89516 67.315 28.3202 -0.85307 66.6398 38.9782 -0.760184 61.3974 52.2268 -2.9372 2.94603 6.80387 -10.6474 
5836527000000 14.8674 19.0123 0.148507 80.9041 13.1837 63.2938 44.5816 -6.89516 67.315 28.3202 -0.85307 66.6398 38.9782 -0.760184 61.3974 52.2268 -2.9372 2.94603 6.80387 -10.6474 
5836564000000 14.8674 19.0123 0.148507 80.9041 13.1837 63.2938 44.5816 -6.89516 67.315 28.3202 -0.85307 66.6398 38.9782 -0.760184 61.3974 52.2268 -2.9372 2.94603 6.80387 -10.6474 
5836583000000 14.8674 19.0123 0.148507 80.9041 13.1837 63.2938 44.5816 -6.89516 67.315 28.3202 -0.85307 66.6398 38.9782 -0.760184 61.3974 52.2268 -2.9372 2.94603 6.80387 -10.6474 
5836626000000 14.447 19.0123 0.148507 80.9041 13.1837 63.2938 44.5816 -6.89516 67.315 28.3202 -0.85307 66.6398 38.9782 -0.760184 61.3974 52.2268 -2.9372 2.94603 6.80387 -10.6474 
5836676000000 14.447 19.0123 0.148507 80.9041 13.1837 63.2938 44.5816 -6.89516 67.315 28.3202 -0.85307 66.6398 38.9782 -0.760184 61.3974 52.2268 -2.9372 2.94603 6.80387 -10.6474 
5836719000000 14.447 19.0123 0.148507 80.9041 13.1837 63.2938 44.5816 -6.89516 67.315 28.3202 -0.85307 66.6398 38.9782 -0.760184 61.3974 52.2268 -2.9372 2.94603 6.80387 -10.6474 
5836728000000 14.447 19.0123 0.148507 80.9041 13.1837 63.2938 44.5816 -6.89516 67.315 28.3202 -0.85307 66.6398 38.9782 -0.760184 61.3974 52.2268 -2.9372 2.94603 6.80387 -10.6474 
5836776000000 14.447 19.0123 0.148507 80.9041 13.1837 63.2938 44.5816 -6.89516 67.315 28.3202 -0.85307 66.6398 38.9782 -0.760184 61.3974 52.2268 -2.9372 2.94603 6.80387 -10.6474 
5836823000000 14.447 19.0123 0.148507 80.9041 13.1837 63.2938 44.5816 -6.89516 67.315 28.3202 -0.85307 66.6398 38.9782 -0.760184 61.3974 52.2268 -2.9372 2.94603 6.80387 -10.6474 
5836832000000 14.447 19.0123 0.148507 80.9041 13.1837 63.2938 44.5816 -6.89516 67.315 28.3202 -0.85307 66.6398 38.9782 -0.760184 61.3974 52.2268 -2.9372 2.94603 6.80387 -10.6474 
5836874000000 14.447 19.0123 0.148507 80.9041 13.1837 63.2938 44.5816 -6.89516 67.315 28.3202 -0.85307 66.6398 38.9782 -0.760184 61.3974 52.2268 -2.9372 2.94603 6.80387 -10.8224 
5836877000000 14.447 19.0123 0.148507 80.9041 13.1837 63.2938 44.5816 -6.89516 67.315 28.3202 -0.85307 66.6398 38.9782 -0.760184 61.3974 52.2268 -2.9372 2.94603 6.80387 -10.8224 
5836926000000 14.447 19.0123 0.148507 80.9041 13.1837 63.2938 44.5816 -6.89516 67.315 28.3202 -0.85307 66.6398 38.9782 -0.760184 61.3974 52.2268 -2.9372 2.94603 6.80387 -10.8224 
5836946000000 14.447 19.0123 0.148507 80.9041 13.1837 63.2938 44.5816 -6.89516 67.315 28.3202 -0.85307 66.6398 38.9782 -0.760184 61.3974 52.2268 -2.9372 2.94603 6.80387 -10.8224 
5836980000000 14.447 19.0123 0.148507 80.9041 13.1837 63.2938 44.5816 -6.89516 67.315 28.3202 -0.85307 66.6398 38.9782 -0.760184 61.3974 52.2268 -2.9372 2.94603 6.80387 -10.8224 
5837007000000 14.447 19.0123 0.148507 80.9041 13.1837 63.2938 44.5816 -6.89516 67.315 28.3202 -0.85307 66.6398 38.9782 -0.760184 61.3974 52.2268 -2.9372 2.94603 6.80387 -10.8224 
5837076000000 14.447 19.0123 0.148507 80.9041 13.1837 63.2938 44.5816 -6.89516 67.315 28.3202 -0.85307 66.6398 38.9782 -0.760184 61.3974 52.2268 -2.9372 2.94603 6.80387 -10.8224 
5837083000000 14.447 19.0123 0.148507 80.9041 13.1837 63.2938 44.5816 -6.89516 67.315 28.3202 -0.85307 66.6398 38.9782 -0.760184 61.3974 52.2268 -2.9372 2.94603 6.80387 -10.8224 
5837126000000 14.447 19.0123 0.148507 80.9041 13.1837 63.2938 44.5816 -6.89516 67.315 28.3202 -0.85307 66.6398 38.9782 -0.760184 61.3974 52.2268 -2.9372 2.94603 6.80387 -10.8224 
5837140000000 14.447 19.0123 0.148507 80.9041 13.1837 63.2938 44.5816 -6.89516 67.315 28.3202 -0.85307 66.6398 38.9782 -0.760184 61.3974 52.2268 -2.9372 2.94603 6.80387 -10.8224 
5837222000000 14.447 19.0123 0.148507 80.9041 13.1837 63.2938 44.5816 -6.89516 67.315 28.3202 -0.85307 66.6398 38.9782 -0.760184 61.3974 52.2268 -2.9372 2.94603 5.65855 -10.8224 
5837228000000 14.447 19.0123 0.148507 80.9041 13.1837 63.2938 44.5816 -6.89516 67.315 28.3202 -0.85307 66.6398 38.9782 -0.760184 61.3974 52.2268 -2.9372 2.94603 6.80387 -10.8224 
5837276000000 14.447 19.0123 0.148507 80.9041 13.1837 63.2938 44.5816 -6.89516 67.315 28.3202 -0.85307 66.6398 38.9782 -0.760184 61.3974 52.2268 -2.9372 2.94603 6.80387 -10.8224 
5837276000000 14.447 19.0123 0.148507 80.9041 13.1837 63.2938 44.5816 -6.89516 67.315 28.3202 -0.85307 66.6398 38.9782 -0.760184 61.3974 52.2268 -2.9372 2.94603 6.80387 -10.8224 
5837311000000 14.447 19.0123 0.148507 80.9041 13.1837 63.2938 44.5816 -6.89516 67.315 28.3202 -0.85307 66.6398 38.9782 -0.760184 61.3974 52.2268 -2.9372 2.94603 6.80387 -10.8224 
5837336000000 14.447 19.0123 0.148507 80.9041 13.1837 63.2938 44.5816 -6.89516 67.315 28.3202 -0.85307 66.6398 38.9782 -0.760184 61.3974 52.2268 -2.9372 2.94603 6.80387 -10.8224 
5837404000000 14.447 19.0123 0.148507 80.9041 13.1837 63.2938 44.5816 -6.89516 67.315 28.3202 -0.85307 66.6398 38.9782 -0.760184 61.3974 52.2268 -2.9372 2.94603 6.80387 -10.8224 
5837427000000 14.447 19.0123 0.148507 80.9041 13.1837 63.2938 44.5816 -6.89516 67.315 28.3202 -0.85307 66.6398 38.9782 -0.760184 61.3974 52.2268 -2.9372 2.94603 5.65855 -10.8224 
5837476000000 14.447 19.0123 0.148507 80.9041 13.1837 63.2938 44.5816 -6.89516 67.315 28.3202 -0.85307 66.6398 38.9782 -0.760184 61.3974 52.2268 -2.9372 2.94603 6.80387 -10.8224 
5837483000000 14.447 19.0123 0.148507 80.9041 13.1837 63.2938 44.5816 -6.89516 67.315 28.3202 -0.85307 66.6398 38.9782 -0.760184 61.3974 52.2268 -2.9372 2.94603 6.80387 -10.8224 
5837526000000 14.447 19.0123 0.148507 80.9041 13.1837 63.2938 44.5816 -6.89516 67.315 28.3202 -0.85307 66.6398 38.9782 -0.760184 61.3974 52.2268 -2.9372 2.94603 6.80387 -10.8224 
5837562000000 14.447 19.0123 0.148507 80.9041 13.1837 63.2938 44.5816 -6.89516 67.315 28.3202 -0.85307 66.6398 38.9782 -0.760184 61.3974 52.2268 -2.9372 2.94603 5.0859 -10.8224 
5837577000000 14.447 19.0123 0.148507 80.9041 13.1837 63.2938 44.5816 -6.89516 67.315 28.3202 -0.85307 66.6398 38.9782 -0.760184 61.3974 52.2268 -2.9372 2.94603 6.80387 -10.8224 
5837609000000 14.447 19.0123 0.148507 80.9041 13.1837 63.2938 44.5816 -6.89516 67.315 28.3202 -0.85307 66.6398 38.9782 -0.760184 61.3974 52.2268 -2.9372 2.94603 6.80387 -10.8224 
5837667000000 14.447 19.0123 0.148507 80.9041 13.1837 63.2938 44.5816 -6.89516 67.315 28.3202 -0.85307 66.6398 38.9782 -0.760184 61.3974 52.2268 -2.9372 2.94603 6.80387 -10.8224 
5837713000000 14.447 19.0123 0.148507 80.9041 13.1837 63.2938 44.5816 -6.89516 67.315 28.3202 -0.85307 66.6398 38.9782 -0.760184 61.3974 52.2268 -2.9372 2.94603 6.80387 -10.8224 
5837739000000 14.447 19.0123 0.148507 80.9041 13.1837 63.2938 44.5816 -6.89516 67.315 28.3202 -0.85307 66.6398 38.9782 -0.760184 61.3974 52.2268 -2.9372 2.94603 6.80387 -10.8224 
5837776000000 14.447 19.0123 0.148507 80.9041 13.1837 63.2938 44.5816 -6.89516 67.315 28.3202 -0.85307 66.6398 38.9782 -0.760184 61.3974 52.2268 -2.9372 2.94603 6.80387 -10.8224 
5837826000000 14.447 19.0123 0.148507 80.9041 12.962 63.2938 44.5816 -6.89516 67.315 28.3202 -0.85307 66.6398 38.9782 -0.760184 62.7891 52.2268 -2.9372 2.94603 6.80387 -10.8224 
5837840000000 14.447 19.0123 0.148507 80.9041 12.962 63.2938 44.5816 -6.89516 67.315 28.3202 -0.85307 66.6398 38.9782 -0.760184 62.7891 52.2268 -2.9372 2.94603 6.80387 -10.8224 
5837876000000 14.447 19.0123 0.148507 80.9041 12.962 63.2938 44.5816 -6.89516 67.315 28.3202 -0.85307 66.6398 38.9782 -0.760184 62.7891 52.2268 -2.9372 2.94603 6.80387 -10.8224 
5837926000000 14.447 19.0123 0.148507 80.9041 12.962 63.2938 44.5816 -6.89516 67.315 28.3202 -0.85307 66.6398 38.9782 -0.760184 62.7891 52.2268 -2.9372 2.94603 6.80387 -10.6474 
5837952000000 14.447 19.0123 0.148507 80.9041 12.962 63.2938 44.5816 -6.89516 67.315 28.3202 -0.85307 66.6398 38.9782 -0.760184 62.7891 52.2268 -2.9372 2.94603 6.80387 -10.6474 
5837977000000 14.447 19.0123 0.148507 80.9041 12.962 63.2938 44.5816 -6.89516 67.315 28.3202 -0.85307 66.6398 38.9782 -0.760184 62.7891 52.2268 -2.9372 2.94603 6.80387 -10.6474 
5838011000000 14.447 19.0123 0.148507 80.9041 12.962 63.2938 44.5816 -6.89516 67.315 28.3202 -0.85307 66.6398 38.9782 -0.760184 62.7891 52.2268 -2.9372 2.94603 6.80387 -10.6474 
5838035000000 14.447 19.0123 0.148507 80.9041 12.962 63.2938 44.5816 -6.89516 67.315 28.3202 -0.85307 66.6398 38.9782 -0.760184 62.7891 52.2268 -2.9372 2.94603 6.80387 -10.6474 
5838076000000 14.447 19.0123 0.148507 80.9041 12.962 63.2938 44.5816 -6.89516 67.315 28.3202 -0.85307 66.6398 38.9782 -0.760184 62.7891 52.2268 -2.9372 2.94603 6.80387 -10.6474 
5838126000000 14.447 19.0123 0.148507 80.9041 12.962 63.2938 44.5816 -6.89516 67.315 28.3202 -0.85307 66.6398 38.9782 -0.760184 62.7891 52.2268 -2.9372 2.94603 6.80387 -10.6474 
