#time#THJ1#THJ2#THJ3#THJ4#THJ5#FFJ0#FFJ3#FFJ4#MFJ0#MFJ3#MFJ4#RFJ0#RFJ3#RFJ4#LFJ0#LFJ3#LFJ4#LFJ5#WRJ1#WRJ2
5800853000000 8.14137 1.88872 -11.9814 41.0975 -8.31981 0 0 -12.318 12.0889 0 -2.24235 10.9981 0 -3.77223 0 8.76716 -10.9351 2.94603 11.9578 -17.1216 
5800877000000 8.14137 1.88872 -11.9814 41.0975 -8.31981 0.714889 0 -12.318 12.0889 0 -2.24235 10.9981 0 -3.77223 0 8.76716 -10.9351 2.94603 11.9578 -17.1216 
5800926000000 8.14137 2.39236 -11.8346 41.0975 -8.31981 0.714889 0 -12.318 12.0889 0 -2.24235 10.9981 0 -3.77223 0 8.76716 -10.9351 2.94603 11.9578 -17.2966 
5800927000000 8.14137 2.39236 -11.8346 41.0975 -8.31981 0.714889 0 -12.318 12.0889 0 -2.24235 10.9981 0 -3.77223 0 8.76716 -10.9351 2.94603 11.9578 -17.2966 
5800976000000 8.14137 2.39236 -11.8346 41.0975 -8.31981 0.714889 0 -11.8661 12.0889 0 -2.24235 10.9981 0 -3.77223 0 8.76716 -10.9351 2.94603 11.9578 -16.9466 
5801026000000 8.14137 2.39236 -11.8346 41.0975 -8.31981 0.714889 0 -12.0921 12.0889 0 -2.24235 10.9981 0 -3.77223 0 8.76716 -10.9351 2.94603 11.9578 -16.7717 
5801029000000 8.14137 2.39236 -11.8346 41.0975 -8.31981 0.714889 0 -12.0921 12.0889 0 -2.24235 10.9981 0 -3.77223 0 8.76716 -10.9351 2.94603 11.9578 -16.5967 
5801076000000 8.98212 2.39236 -11.8346 41.0975 -8.31981 3.32234 0 -11.8661 12.0889 0 -2.12658 10.9981 0 -3.46326 0 8.76716 -10.1087 2.94603 11.9578 -16.2467 
5801127000000 8.98212 2.39236 -11.8346 41.0975 -8.31981 3.32234 0 -11.8661 13.2639 0 -2.12658 12.3891 0 -3.46326 0 8.76716 -10.1087 2.94603 11.9578 -16.0717 
5801172000000 9.4025 2.39236 -11.8346 41.0975 -8.31981 3.32234 0 -11.8661 13.2639 0 -2.12658 12.3891 0 -3.47664 0 8.76716 -10.1456 2.94603 10.8125 -15.8968 
5801183000000 9.4025 2.89599 -11.6879 41.0975 -8.31981 3.32234 0 -11.8661 13.2639 0 -2.12658 12.3891 0 -3.46326 0 8.76716 -10.1087 2.94603 11.9578 -15.7218 
5801226000000 8.98212 2.89599 -11.6879 41.0975 -8.09812 3.32234 0 -11.8661 13.2639 0 -2.12658 12.3891 0 -3.47664 0 8.76716 -10.1456 2.94603 11.9578 -15.8968 
5801269000000 8.98212 2.89599 -11.6879 41.0975 -8.09812 3.32234 0 -11.8661 13.2639 0 -2.12658 12.3891 0 -3.47664 0 8.76716 -10.1456 2.94603 10.8125 -15.8968 
5801293000000 8.98212 2.89599 -11.6879 41.0975 -8.09812 3.32234 0 -11.8661 13.2639 0 -2.12658 12.3891 0 -3.47664 0 8.76716 -10.1456 2.94603 11.9578 -15.8968 
5801326000000 8.98212 2.89599 -11.6879 41.0975 -8.09812 3.32234 0 -11.8661 13.2639 0 -2.12658 12.3891 0 -3.47664 0 8.76716 -10.1456 2.94603 11.9578 -15.8968 
5801376000000 8.98212 2.89599 -11.6879 41.0975 -8.09812 3.32234 0 -11.8661 13.2639 0 -2.12658 12.3891 0 -3.47664 0 8.76716 -10.1456 2.94603 11.9578 -15.8968 
5801421000000 8.98212 2.89599 -11.6879 41.0975 -8.09812 3.32234 0 -11.8661 13.2639 0 -2.12658 12.3891 0 -3.47664 0 8.76716 -10.1456 2.94603 11.9578 -15.8968 
5801426000000 9.4025 2.89599 -11.6879 41.0975 -8.09812 3.32234 0 -11.8661 13.2639 0 -2.12658 12.3891 0 -3.47664 0 8.76716 -10.1456 2.94603 11.9578 -15.8968 
5801476000000 9.4025 2.89599 -11.6879 41.0975 -8.09812 3.32234 0 -11.8661 13.2639 0 -2.12658 12.3891 0 -3.47664 0 8.76716 -10.1456 2.94603 11.9578 -15.5468 
5801487000000 9.4025 2.89599 -11.6879 41.0975 -8.09812 3.32234 0 -11.8661 13.2639 0 -2.12658 12.3891 0 -3.47664 0 8.76716 -10.1456 2.94603 11.9578 -15.3718 
5801512000000 9.4025 2.89599 -11.6879 41.0975 -8.09812 3.32234 0 -11.8661 13.2639 0 -2.12658 12.3891 0 -3.47664 0 8.76716 -10.1456 2.94603 11.9578 -15.3718 
5801549000000 9.4025 2.89599 -11.6879 41.0975 -8.09812 3.32234 0 -11.8661 13.2639 0 -2.12658 12.3891 0 -3.46326 0 8.76716 -10.1087 2.94603 11.9578 -15.1969 
5801602000000 9.4025 2.89599 -11.6879 41.0975 -8.09812 3.32234 0 -11.8661 14.4389 0 -2.12658 12.3891 0 -3.46326 0 8.76716 -10.1087 2.94603 11.9578 -15.1969 
5801626000000 9.4025 2.89599 -11.6879 41.0975 -8.09812 3.32234 0 -11.8661 14.4389 0 -2.12658 12.3891 0 -3.46326 0 8.76716 -10.1087 2.94603 11.9578 -15.0219 
5801676000000 9.4025 2.89599 -11.6879 41.0975 -8.09812 3.32234 0 -11.8661 14.4389 0 -2.12658 12.3891 0 -3.46326 0 8.76716 -10.1087 2.94603 11.9578 -15.0219 
5801691000000 8.98212 2.89599 -11.6879 41.0975 -8.09812 4.62607 0 -11.8661 14.4389 0 -2.12658 12.3891 0 -3.46326 0 8.76716 -10.1087 2.94603 11.9578 -15.0219 
5801727000000 8.98212 2.89599 -11.6879 41.0975 -8.09812 4.62607 0 -11.8661 14.4389 0 -2.12658 12.3891 0 -3.46326 0 8.76716 -10.1087 2.94603 11.9578 -15.0219 
5801776000000 8.98212 2.89599 -11.6879 41.0975 -8.09812 4.62607 0 -12.0921 14.4389 0 -2.12658 12.3891 0 -3.46326 0 8.76716 -10.1087 2.94603 11.9578 -15.0219 
5801789000000 8.98212 2.89599 -11.6879 41.0975 -8.09812 4.62607 0 -12.0921 14.4389 0 -2.12658 12.3891 0 -3.46326 0 8.76716 -10.1087 2.94603 11.9578 -15.0219 
5801826000000 8.98212 2.89599 -11.6879 41.0975 -8.09812 4.62607 0 -12.0921 14.4389 0 -2.12658 12.3891 0 -3.46326 0 8.76716 -10.1087 2.94603 11.9578 -15.0219 
5801839000000 8.98212 2.89599 -11.6879 41.0975 -7.87643 4.62607 0 -12.0921 14.4389 0 -2.12658 12.3891 0 -3.46326 0 8.76716 -10.1087 2.94603 11.9578 -15.0219 
5801886000000 8.98212 1.88872 -11.5132 43.7077 -7.21137 4.62607 0 -12.0921 14.4389 0 -2.30024 12.3891 0 -3.82639 0 8.76716 -11.0716 2.94603 10.2398 -15.0219 
5801926000000 8.98212 -1.1331 -11.9257 46.318 -5.88126 7.23352 0 -11.4142 14.4389 0 -2.53179 15.1712 0 -4.28381 0 8.76716 -12.2816 2.94603 5.0859 -14.4969 
5801950000000 8.14137 -2.14037 -11.8681 48.2757 -5.43789 7.23352 0 -11.4142 14.4389 0 -2.64756 15.1712 0 -4.51252 0 11.3236 -12.8865 2.94603 6.23121 -14.8469 
5801977000000 6.0395 -2.644 -10.7274 55.454 -2.77766 5.92979 0 -11.6402 14.4389 0 -2.70545 13.7801 0 -4.60681 0 15.5844 -13.1337 2.94603 6.23121 -15.0219 
5802026000000 5.19875 -1.63673 -8.79526 64.5899 0.991005 5.92979 0 -11.8661 16.789 0 -2.41601 17.9533 2.75377 -3.93471 14.0802 26.6623 -11.3444 2.94603 5.65855 -15.8968 
5802076000000 4.77837 -2.14037 -8.00569 69.8105 4.53798 5.92979 0 -12.0921 16.789 1.39947 -2.18447 20.7354 11.8099 -3.39703 22.4303 30.9231 -9.91303 2.94603 3.94059 -16.7717 
5802112000000 4.358 -2.14037 -7.18638 74.3784 8.30664 5.92979 2.33726 -12.0921 19.139 7.25181 -2.01081 24.9085 19.0548 -3.00715 30.7804 36.036 -8.87638 2.94603 5.0859 -17.2966 
5802126000000 4.358 -2.14037 -6.83525 76.3361 9.63676 8.53725 4.02704 -12.0921 19.139 9.59275 -2.12658 24.9085 22.6772 -3.27599 30.7804 38.5924 -9.59208 2.94603 7.94918 -17.6465 
5802166000000 4.358 -0.62946 -5.92676 78.9464 11.6319 13.7522 10.7861 -11.6402 22.6641 15.4451 -2.06869 29.0816 29.9221 -3.14157 34.9554 43.7053 -9.23423 2.94603 6.23121 -17.8215 
5802177000000 6.0395 0.881446 -5.3694 79.599 12.7404 16.3596 15.0106 -10.9623 25.0141 18.9565 -1.89503 31.8637 31.7333 -2.80519 36.3471 45.4096 -8.3452 2.94603 8.52183 -18.5214 
5802233000000 6.45988 3.90326 -4.13764 81.5567 14.0705 28.0932 20.0799 -10.0585 35.5893 18.9565 -1.54771 41.601 33.5446 -2.09231 43.3055 48.8182 -6.45642 2.94603 9.09449 -18.8714 
5802276000000 7.30062 6.92508 -3.02291 82.8618 14.5138 32.0043 24.3043 -9.15469 39.1144 21.2974 -1.37405 44.3831 37.167 -1.74256 46.0889 51.3747 -5.53049 2.94603 8.52183 -19.0464 
5802307000000 8.98212 9.94689 -2.02523 83.5144 14.9572 39.8267 30.2185 -8.47683 44.9895 23.6384 -1.20039 48.5562 38.9782 -1.39281 50.2639 53.9311 -4.60455 2.94603 7.94918 -18.5214 
5802331000000 9.82287 11.4578 -1.58491 83.5144 15.4006 43.7379 33.5981 -7.57302 49.6896 25.9793 -1.02673 52.7293 40.7895 -1.04305 53.0473 53.9311 -3.67862 2.94603 7.94918 -18.3465 
5802376000000 10.2432 13.4723 -0.997823 83.5144 15.6223 47.6491 34.443 -6.66921 50.8646 28.3202 -0.910957 52.7293 40.7895 -0.800968 54.439 53.079 -3.03672 2.94603 7.37652 -18.1715 
5802399000000 10.2432 16.4942 -0.117186 83.5144 15.844 52.864 36.1327 -5.99135 54.3897 30.6611 -0.85307 55.5114 42.6007 -0.679925 57.2224 53.9311 -2.71577 2.94603 6.80387 -18.1715 
5802436000000 11.084 18.5087 0.469906 83.5144 15.844 58.0789 36.9776 -5.99135 57.9148 31.8316 -0.795184 58.2935 40.7895 -0.599011 58.6141 53.9311 -2.50554 2.94603 6.80387 -18.1715 
5802476000000 12.3451 18.0051 0.323134 83.5144 15.844 60.6863 36.9776 -5.7654 59.0898 30.6611 -0.737297 59.6846 40.7895 -0.491345 60.0057 53.9311 -2.2215 2.94603 6.80387 -18.1715 
5802513000000 12.7655 18.0051 0.323134 83.5144 15.844 61.9901 36.9776 -5.99135 59.0898 30.6611 -0.737297 59.6846 40.7895 -0.477968 61.3974 52.2268 -2.18459 2.94603 6.80387 -18.1715 
5802526000000 14.0266 18.5087 0.469906 83.5144 15.844 63.2938 36.9776 -6.2173 60.2648 30.6611 -0.67941 61.0756 40.7895 -0.343549 62.7891 48.8182 -1.82674 2.94603 6.80387 -18.1715 
5802549000000 14.447 19.0123 0.616679 83.5144 15.844 64.5975 36.9776 -6.44326 61.4398 30.6611 -0.67941 61.0756 40.7895 -0.330172 64.1808 48.8182 -1.78984 2.94603 6.80387 -18.1715 
5802603000000 14.8674 19.516 0.763452 83.5144 15.844 65.9012 36.9776 -6.89516 61.4398 30.6611 -0.67941 62.4666 40.7895 -0.330172 65.5725 47.9661 -1.78984 2.94603 6.80387 -18.3465 
5802626000000 14.8674 19.516 0.763452 83.5144 15.844 65.9012 36.9776 -6.89516 62.6149 30.6611 -0.67941 62.4666 40.7895 -0.316796 66.9641 47.1139 -1.75293 2.94603 7.94918 -18.3465 
5802676000000 15.2877 20.0196 0.676139 82.2093 15.4006 65.9012 37.8225 -6.89516 62.6149 30.6611 -0.67941 62.4666 38.9782 -0.316796 68.3558 47.1139 -1.75293 2.94603 6.23121 -18.3465 
5802726000000 15.2877 20.0196 0.676139 82.2093 15.4006 65.9012 37.8225 -6.89516 62.6149 30.6611 -0.67941 62.4666 38.9782 -0.316796 69.7475 47.1139 -1.75293 2.94603 7.94918 -18.3465 
5802776000000 15.2877 20.0196 0.676139 82.2093 15.4006 65.9012 37.8225 -6.89516 62.6149 30.6611 -0.67941 62.4666 38.9782 -0.316796 69.7475 47.1139 -1.75293 2.94603 7.94918 -18.3465 
5802807000000 15.2877 20.0196 0.676139 82.2093 15.1789 65.9012 37.8225 -6.89516 62.6149 30.6611 -0.67941 62.4666 38.9782 -0.316796 69.7475 47.1139 -1.75293 2.94603 7.94918 -18.3465 
5802835000000 15.2877 20.0196 0.676139 82.2093 15.1789 65.9012 37.8225 -7.34707 62.6149 30.6611 -0.67941 62.4666 38.9782 -0.316796 69.7475 47.1139 -1.75293 2.94603 7.94918 -17.9965 
5802878000000 15.2877 20.0196 0.676139 82.2093 15.1789 65.9012 37.8225 -7.12112 62.6149 30.6611 -0.67941 62.4666 38.9782 -0.303419 69.7475 46.2618 -1.71603 2.94603 7.94918 -17.9965 
5802926000000 15.2877 20.0196 0.676139 82.2093 15.1789 65.9012 37.8225 -7.12112 62.6149 30.6611 -0.67941 62.4666 38.9782 -0.303419 69.7475 46.2618 -1.71603 2.94603 7.94918 -17.9965 
5802957000000 15.2877 20.0196 0.676139 82.2093 15.1789 65.9012 38.6674 -7.34707 62.6149 30.6611 -0.67941 62.4666 38.9782 -0.303419 69.7475 46.2618 -1.71603 2.94603 7.94918 -17.8215 
5802993000000 15.2877 20.0196 0.676139 82.2093 15.1789 65.9012 38.6674 -7.12112 62.6149 30.6611 -0.67941 62.4666 38.9782 -0.303419 69.7475 46.2618 -1.71603 2.94603 6.23121 -17.6465 
5803039000000 15.2877 20.0196 0.676139 82.2093 15.1789 65.9012 38.6674 -7.12112 62.6149 30.6611 -0.67941 62.4666 38.9782 -0.303419 69.7475 46.2618 -1.71603 2.94603 7.94918 -17.6465 
5803076000000 15.2877 20.0196 0.676139 82.2093 15.1789 65.9012 38.6674 -7.12112 62.6149 30.6611 -0.67941 62.4666 38.9782 -0.290043 69.7475 46.2618 -1.67913 2.94603 7.94918 -17.6465 
5803098000000 15.2877 20.0196 0.676139 82.2093 15.1789 65.9012 38.6674 -7.12112 62.6149 30.6611 -0.67941 62.4666 38.9782 -0.290043 69.7475 46.2618 -1.67913 2.94603 6.80387 -17.6465 
5803130000000 15.2877 20.0196 0.676139 82.2093 14.9572 65.9012 38.6674 -7.12112 62.6149 30.6611 -0.67941 62.4666 38.9782 -0.290043 69.7475 46.2618 -1.67913 2.94603 7.94918 -17.6465 
5803176000000 15.2877 20.0196 0.676139 82.2093 14.9572 65.9012 38.6674 -7.12112 62.6149 30.6611 -0.67941 62.4666 38.9782 -0.290043 69.7475 46.2618 -1.67913 2.94603 7.94918 -17.6465 
5803226000000 15.2877 20.0196 0.676139 82.2093 14.9572 64.5975 38.6674 -7.12112 62.6149 30.6611 -0.67941 62.4666 38.9782 -0.290043 69.7475 46.2618 -1.67913 2.94603 7.94918 -17.6465 
5803276000000 15.2877 20.0196 0.676139 82.2093 14.9572 64.5975 38.6674 -7.12112 62.6149 30.6611 -0.67941 62.4666 38.9782 -0.290043 69.7475 46.2618 -1.67913 2.94603 7.94918 -17.6465 
5803292000000 15.2877 20.0196 0.676139 82.2093 14.9572 64.5975 38.6674 -7.12112 62.6149 30.6611 -0.67941 62.4666 38.9782 -0.276666 71.1392 46.2618 -1.64222 2.94603 7.94918 -17.6465 
5803326000000 14.8674 20.0196 0.676139 82.2093 14.9572 64.5975 38.6674 -7.12112 62.6149 30.6611 -0.67941 62.4666 38.9782 -0.276666 71.1392 46.2618 -1.64222 2.94603 6.80387 -17.6465 
5803370000000 14.8674 20.0196 0.676139 82.2093 14.9572 64.5975 38.6674 -7.12112 62.6149 30.6611 -0.67941 62.4666 38.9782 -0.276666 71.1392 46.2618 -1.64222 2.94603 7.94918 -17.2966 
5803392000000 14.8674 20.0196 0.676139 82.2093 14.9572 64.5975 38.6674 -7.12112 62.6149 30.6611 -0.67941 62.4666 38.9782 -0.276666 71.1392 46.2618 -1.64222 2.94603 7.94918 -17.2966 
5803426000000 14.8674 20.0196 0.676139 82.2093 14.9572 64.5975 38.6674 -7.12112 62.6149 30.6611 -0.67941 62.4666 38.9782 -0.276666 71.1392 46.2618 -1.64222 2.94603 7.94918 -17.2966 
5803460000000 14.8674 20.0196 0.676139 82.2093 14.9572 64.5975 38.6674 -7.12112 62.6149 30.6611 -0.67941 62.4666 38.9782 -0.276666 71.1392 46.2618 -1.64222 2.94603 7.94918 -17.1216 
5803485000000 14.8674 20.0196 0.676139 82.2093 14.7355 64.5975 38.6674 -7.12112 62.6149 30.6611 -0.67941 62.4666 38.9782 -0.276666 71.1392 45.4096 -1.64222 2.94603 7.94918 -17.2966 
5803526000000 14.8674 20.0196 0.676139 82.2093 14.7355 64.5975 38.6674 -7.12112 62.6149 30.6611 -0.67941 62.4666 38.9782 -0.276666 71.1392 45.4096 -1.64222 2.94603 7.94918 -17.2966 
5803531000000 14.8674 20.5232 0.822911 82.2093 14.7355 64.5975 38.6674 -7.12112 62.6149 30.6611 -0.67941 62.4666 38.9782 -0.276666 72.5309 45.4096 -1.64222 2.94603 7.94918 -17.2966 
5803580000000 14.8674 20.5232 0.822911 82.2093 14.7355 64.5975 38.6674 -7.34707 62.6149 30.6611 -0.67941 62.4666 38.9782 -0.276666 72.5309 45.4096 -1.64222 2.94603 7.94918 -17.2966 
5803626000000 14.8674 20.5232 0.822911 82.2093 14.7355 64.5975 38.6674 -7.34707 62.6149 30.6611 -0.67941 62.4666 38.9782 -0.276666 72.5309 45.4096 -1.64222 2.94603 7.94918 -17.2966 
5803638000000 14.8674 20.5232 0.822911 82.2093 14.7355 64.5975 38.6674 -7.34707 62.6149 30.6611 -0.67941 62.4666 38.9782 -0.276666 72.5309 45.4096 -1.64222 2.94603 7.94918 -17.2966 
5803676000000 14.8674 20.5232 0.822911 82.2093 14.7355 64.5975 38.6674 -7.34707 62.6149 30.6611 -0.67941 62.4666 38.9782 -0.26329 72.5309 45.4096 -1.60532 2.94603 7.94918 -17.2966 
5803694000000 14.8674 20.5232 0.822911 82.2093 14.7355 64.5975 38.6674 -7.34707 62.6149 30.6611 -0.67941 62.4666 38.9782 -0.26329 72.5309 45.4096 -1.60532 2.94603 7.94918 -17.2966 
5803776000000 14.8674 20.5232 0.822911 82.2093 14.7355 64.5975 38.6674 -7.34707 62.6149 30.6611 -0.67941 62.4666 38.9782 -0.26329 72.5309 45.4096 -1.60532 2.94603 7.94918 -17.4716 
5803786000000 14.8674 20.5232 0.822911 82.2093 14.7355 64.5975 38.6674 -7.34707 62.6149 30.6611 -0.67941 62.4666 38.9782 -0.26329 72.5309 45.4096 -1.60532 2.94603 7.94918 -17.4716 
5803826000000 14.8674 20.5232 0.822911 82.2093 14.7355 64.5975 38.6674 -7.34707 62.6149 30.6611 -0.67941 62.4666 38.9782 -0.26329 72.5309 45.4096 -1.60532 2.94603 7.94918 -17.4716 
5803862000000 14.8674 20.5232 0.822911 82.2093 14.5138 64.5975 38.6674 -7.12112 62.6149 30.6611 -0.67941 62.4666 38.9782 -0.26329 72.5309 46.2618 -1.60532 2.94603 7.94918 -17.4716 
5803876000000 14.447 20.5232 0.822911 82.2093 14.5138 64.5975 38.6674 -7.12112 62.6149 30.6611 -0.67941 62.4666 38.9782 -0.26329 72.5309 46.2618 -1.60532 2.94603 7.94918 -17.4716 
5803877000000 14.447 20.5232 0.822911 82.2093 14.5138 64.5975 38.6674 -7.12112 62.6149 30.6611 -0.67941 62.4666 38.9782 -0.26329 72.5309 46.2618 -1.60532 2.94603 7.94918 -17.4716 
5803958000000 14.447 20.5232 0.822911 82.2093 14.5138 64.5975 38.6674 -7.12112 62.6149 30.6611 -0.67941 62.4666 38.9782 -0.26329 72.5309 46.2618 -1.60532 2.94603 7.94918 -17.4716 
5803976000000 14.447 20.5232 0.822911 82.2093 14.5138 64.5975 38.6674 -7.12112 62.6149 30.6611 -0.67941 62.4666 38.9782 -0.26329 72.5309 46.2618 -1.60532 2.94603 7.94918 -17.4716 
5804026000000 14.447 20.5232 0.822911 82.2093 14.5138 64.5975 38.6674 -7.12112 62.6149 30.6611 -0.67941 62.4666 38.9782 -0.26329 72.5309 46.2618 -1.60532 2.94603 8.52183 -17.4716 
5804026000000 14.447 20.5232 0.822911 82.2093 14.5138 64.5975 38.6674 -7.12112 62.6149 30.6611 -0.67941 62.4666 38.9782 -0.26329 72.5309 46.2618 -1.60532 2.94603 8.52183 -17.4716 
5804079000000 14.447 20.5232 0.822911 82.2093 14.5138 63.2938 38.6674 -7.12112 62.6149 30.6611 -0.67941 62.4666 38.9782 -0.26329 72.5309 46.2618 -1.60532 2.94603 8.52183 -17.6465 
5804126000000 14.447 20.5232 0.822911 82.2093 14.5138 63.2938 38.6674 -7.12112 62.6149 30.6611 -0.67941 62.4666 38.9782 -0.26329 72.5309 46.2618 -1.60532 2.94603 8.52183 -17.6465 
5804145000000 14.447 20.5232 0.822911 82.2093 14.5138 63.2938 38.6674 -7.12112 62.6149 30.6611 -0.67941 62.4666 38.9782 -0.26329 72.5309 46.2618 -1.60532 2.94603 8.52183 -17.6465 
5804186000000 14.447 20.5232 0.822911 82.2093 14.5138 63.2938 38.6674 -7.12112 62.6149 30.6611 -0.67941 62.4666 38.9782 -0.26329 72.5309 45.4096 -1.60532 2.94603 8.52183 -17.6465 
5804226000000 14.447 20.5232 0.822911 82.2093 14.5138 63.2938 38.6674 -7.12112 62.6149 30.6611 -0.67941 62.4666 38.9782 -0.26329 72.5309 45.4096 -1.60532 2.94603 8.52183 -17.6465 
5804276000000 14.447 20.5232 0.822911 82.2093 14.5138 63.2938 38.6674 -7.12112 62.6149 30.6611 -0.67941 62.4666 38.9782 -0.26329 72.5309 45.4096 -1.60532 2.94603 8.52183 -17.6465 
5804276000000 14.447 20.5232 0.822911 82.2093 14.5138 63.2938 38.6674 -7.12112 62.6149 30.6611 -0.67941 62.4666 38.9782 -0.26329 72.5309 45.4096 -1.60532 2.94603 8.52183 -17.6465 
5804307000000 14.447 20.5232 0.822911 82.2093 14.5138 63.2938 38.6674 -7.12112 62.6149 30.6611 -0.67941 62.4666 38.9782 -0.26329 72.5309 45.4096 -1.60532 2.94603 8.52183 -17.6465 
5804327000000 14.447 20.5232 0.822911 82.2093 14.5138 63.2938 38.6674 -7.12112 62.6149 30.6611 -0.67941 62.4666 38.9782 -0.26329 72.5309 45.4096 -1.60532 2.94603 7.37652 -17.6465 
5804376000000 14.447 20.5232 0.822911 82.2093 14.5138 63.2938 38.6674 -7.12112 62.6149 30.6611 -0.67941 62.4666 38.9782 -0.26329 72.5309 45.4096 -1.60532 2.94603 8.52183 -17.6465 
5804397000000 14.447 20.5232 0.822911 82.2093 14.5138 63.2938 38.6674 -7.12112 62.6149 30.6611 -0.67941 62.4666 37.167 -0.26329 72.5309 45.4096 -1.60532 2.94603 8.52183 -17.6465 
5804439000000 14.447 20.5232 0.822911 82.2093 14.5138 63.2938 38.6674 -7.12112 62.6149 30.6611 -0.67941 62.4666 37.167 -0.26329 72.5309 45.4096 -1.60532 2.94603 8.52183 -17.6465 
5804476000000 14.447 20.5232 0.822911 82.2093 14.5138 63.2938 38.6674 -7.12112 62.6149 30.6611 -0.67941 62.4666 37.167 -0.26329 72.5309 45.4096 -1.60532 2.94603 8.52183 -17.6465 
5804507000000 14.447 20.5232 0.822911 82.2093 14.5138 63.2938 38.6674 -7.12112 62.6149 30.6611 -0.67941 62.4666 37.167 -0.26329 72.5309 45.4096 -1.60532 2.94603 8.52183 -17.6465 
5804576000000 14.447 20.5232 0.822911 82.2093 14.5138 63.2938 38.6674 -7.12112 61.4398 30.6611 -0.67941 62.4666 37.167 -0.26329 72.5309 45.4096 -1.60532 2.94603 7.37652 -17.4716 
5804604000000 14.447 20.5232 0.822911 82.2093 14.5138 63.2938 38.6674 -7.12112 61.4398 30.6611 -0.67941 62.4666 37.167 -0.26329 72.5309 45.4096 -1.60532 2.94603 8.52183 -17.4716 
5804626000000 14.447 20.5232 0.822911 82.2093 14.5138 63.2938 38.6674 -7.12112 61.4398 30.6611 -0.621523 62.4666 37.167 -0.142247 72.5309 45.4096 -1.28437 2.94603 8.52183 -17.4716 
5804659000000 14.447 20.5232 0.822911 82.2093 14.5138 63.2938 38.6674 -7.12112 61.4398 30.6611 -0.621523 62.4666 37.167 -0.142247 72.5309 45.4096 -1.28437 2.94603 8.52183 -17.4716 
5804676000000 14.447 20.5232 0.822911 82.2093 14.5138 63.2938 38.6674 -7.12112 61.4398 30.6611 -0.621523 62.4666 37.167 -0.142247 72.5309 45.4096 -1.28437 2.94603 8.52183 -17.4716 
5804717000000 14.447 20.5232 0.822911 82.2093 14.5138 63.2938 38.6674 -7.12112 61.4398 30.6611 -0.621523 62.4666 37.167 -0.142247 72.5309 45.4096 -1.28437 2.94603 8.52183 -17.4716 
5804730000000 14.447 20.5232 0.822911 82.2093 14.5138 63.2938 38.6674 -7.12112 61.4398 30.6611 -0.621523 62.4666 37.167 -0.142247 72.5309 45.4096 -1.28437 2.94603 8.52183 -17.4716 
5804776000000 14.447 20.5232 0.822911 82.2093 14.5138 63.2938 39.5123 -7.12112 61.4398 30.6611 -0.621523 62.4666 37.167 -0.142247 73.9226 45.4096 -1.28437 2.94603 6.23121 -17.4716 
5804826000000 14.447 20.5232 0.822911 82.2093 14.5138 63.2938 39.5123 -7.12112 61.4398 30.6611 -0.621523 62.4666 37.167 -0.142247 73.9226 45.4096 -1.28437 2.94603 8.52183 -17.4716 
5804876000000 14.447 20.5232 0.822911 82.2093 14.5138 63.2938 39.5123 -7.12112 61.4398 30.6611 -0.621523 62.4666 37.167 -0.142247 73.9226 45.4096 -1.28437 2.94603 9.09449 -17.4716 
5804916000000 14.447 20.5232 0.822911 82.2093 14.5138 63.2938 39.5123 -7.12112 61.4398 30.6611 -0.621523 62.4666 37.167 -0.142247 73.9226 45.4096 -1.28437 2.94603 9.09449 -17.4716 
5804926000000 14.447 20.5232 0.822911 82.2093 14.5138 63.2938 39.5123 -7.12112 61.4398 30.6611 -0.621523 62.4666 37.167 -0.142247 73.9226 45.4096 -1.28437 2.94603 9.09449 -17.4716 
5804945000000 14.447 20.5232 0.822911 82.2093 14.5138 63.2938 39.5123 -7.12112 61.4398 30.6611 -0.621523 62.4666 37.167 -0.142247 73.9226 45.4096 -1.28437 2.94603 9.09449 -17.4716 
5804976000000 14.447 20.5232 0.822911 82.2093 14.5138 63.2938 39.5123 -7.12112 61.4398 30.6611 -0.621523 62.4666 37.167 -0.142247 73.9226 45.4096 -1.28437 2.94603 9.09449 -17.4716 
5805026000000 14.447 20.5232 0.822911 82.2093 14.5138 63.2938 39.5123 -7.12112 61.4398 30.6611 -0.621523 62.4666 37.167 -0.142247 73.9226 45.4096 -1.28437 2.94603 9.09449 -17.4716 
5805043000000 14.447 20.5232 0.822911 82.2093 14.5138 63.2938 39.5123 -7.12112 61.4398 30.6611 -0.621523 62.4666 37.167 -0.142247 73.9226 45.4096 -1.28437 2.94603 9.09449 -17.4716 
5805077000000 14.447 20.5232 0.822911 82.2093 14.5138 63.2938 38.6674 -7.12112 61.4398 30.6611 -0.621523 62.4666 37.167 -0.142247 73.9226 45.4096 -1.28437 2.94603 9.09449 -17.4716 
