#time#THJ1#THJ2#THJ3#THJ4#THJ5#FFJ0#FFJ3#FFJ4#MFJ0#MFJ3#MFJ4#RFJ0#RFJ3#RFJ4#LFJ0#LFJ3#LFJ4#LFJ5#WRJ1#WRJ2
3543927000000 25.3767 30.0923 -1.5383 53.4963 -1.89091 142.821 85.1362 2.36891 114.316 83.3322 0.76776 127.846 162.141 3.3246 151.857 82.0521 7.96831 2.94603 -1.78597 0.201225 
3543976000000 25.3767 30.0923 -1.5383 53.4963 -1.89091 142.821 85.1362 2.36891 114.316 83.3322 0.76776 129.237 162.141 3.3246 151.857 82.0521 7.96831 2.94603 -1.78597 0.201225 
3543995000000 25.3767 30.0923 -1.65534 52.8437 -1.89091 142.821 85.1362 2.36891 114.316 83.3322 0.76776 129.237 162.141 3.3246 151.857 82.0521 7.96831 2.94603 -1.78597 0.201225 
3544035000000 25.3767 30.0923 -1.65534 52.8437 -1.89091 142.821 85.1362 2.36891 114.316 83.3322 0.76776 129.237 162.141 3.3246 151.857 82.0521 7.96831 2.94603 -3.50394 0.201225 
3544077000000 25.3767 30.0923 -1.65534 52.8437 -1.89091 142.821 85.1362 2.36891 114.316 83.3322 0.76776 129.237 162.141 3.33798 151.857 82.0521 8.00521 2.94603 -2.93128 0.201225 
3544126000000 25.3767 30.0923 -1.65534 52.8437 -1.89091 142.821 85.1362 2.36891 114.316 83.3322 0.76776 129.237 162.141 3.33798 151.857 82.0521 8.00521 2.94603 -1.78597 0.376203 
3544139000000 25.3767 30.0923 -1.65534 52.8437 -1.89091 142.821 85.1362 2.36891 114.316 83.3322 0.76776 129.237 162.141 3.33798 151.857 82.0521 8.00521 2.94603 -1.78597 0.376203 
3544179000000 25.3767 30.0923 -1.65534 52.8437 -1.89091 142.821 85.1362 2.36891 114.316 83.3322 0.76776 129.237 162.141 3.33798 151.857 82.0521 8.00521 2.94603 -1.78597 0.376203 
3544217000000 25.3767 30.0923 -1.65534 52.8437 -1.89091 142.821 85.1362 2.36891 114.316 83.3322 0.76776 129.237 162.141 3.33798 151.857 82.0521 8.00521 2.94603 -1.78597 0.376203 
3544231000000 25.3767 30.0923 -1.65534 52.8437 -1.89091 142.821 85.1362 2.36891 114.316 83.3322 0.76776 129.237 162.141 3.33798 151.857 82.0521 8.00521 2.94603 -1.78597 0.376203 
3544276000000 25.3767 30.0923 -1.65534 52.8437 -1.89091 142.821 85.1362 2.36891 114.316 83.3322 0.76776 129.237 162.141 3.33798 151.857 82.0521 8.00521 2.94603 -1.78597 0.376203 
3544319000000 25.3767 30.0923 -1.88943 51.5386 -1.89091 142.821 85.1362 2.36891 114.316 83.3322 0.76776 129.237 162.141 3.33798 151.857 82.0521 8.00521 2.94603 -1.78597 0.376203 
3544330000000 25.3767 30.0923 -1.88943 51.5386 -1.89091 142.821 85.1362 2.36891 114.316 83.3322 0.76776 129.237 162.141 3.33798 151.857 82.0521 8.00521 2.94603 -1.78597 0.376203 
3544377000000 25.3767 30.0923 -1.88943 51.5386 -1.89091 142.821 85.1362 2.36891 114.316 83.3322 0.76776 129.237 162.141 3.33798 151.857 82.0521 8.00521 2.94603 -3.50394 0.376203 
3544426000000 25.3767 30.0923 -1.88943 51.5386 -1.89091 142.821 85.1362 2.36891 114.316 83.3322 0.76776 129.237 162.141 3.33798 151.857 82.0521 8.00521 2.94603 -1.78597 0.551181 
3544448000000 25.3767 30.0923 -1.88943 51.5386 -2.1126 142.821 85.1362 2.36891 114.316 83.3322 0.76776 130.628 162.141 3.33798 151.857 82.0521 8.00521 2.94603 -1.78597 0.551181 
3544476000000 25.3767 30.0923 -1.88943 51.5386 -2.1126 142.821 85.1362 2.36891 114.316 83.3322 0.76776 130.628 162.141 3.33798 153.248 82.0521 8.00521 2.94603 -1.78597 0.551181 
3544526000000 25.3767 30.0923 -1.88943 51.5386 -2.1126 142.821 85.1362 2.36891 114.316 83.3322 0.76776 130.628 162.141 3.33798 153.248 82.0521 8.00521 2.94603 -1.78597 0.551181 
3544539000000 25.3767 30.0923 -1.88943 51.5386 -2.1126 142.821 85.1362 2.36891 114.316 83.3322 0.76776 130.628 162.141 3.33798 153.248 82.0521 8.00521 2.94603 -1.78597 0.551181 
3544577000000 25.3767 30.0923 -1.88943 51.5386 -2.1126 142.821 85.1362 2.36891 114.316 83.3322 0.76776 130.628 162.141 3.33798 153.248 82.0521 8.00521 2.94603 -1.78597 0.551181 
3544626000000 25.3767 30.0923 -1.88943 51.5386 -2.1126 142.821 85.1362 2.36891 114.316 83.3322 0.76776 130.628 162.141 3.33798 153.248 82.0521 8.00521 2.94603 -1.78597 0.551181 
3544631000000 25.3767 30.0923 -1.88943 51.5386 -2.1126 142.821 85.1362 2.36891 114.316 83.3322 0.76776 130.628 162.141 3.33798 153.248 82.0521 8.00521 2.94603 -1.78597 0.551181 
3544676000000 25.3767 30.0923 -1.88943 51.5386 -2.1126 142.821 85.1362 2.36891 114.316 83.3322 0.76776 130.628 162.141 3.33798 153.248 82.0521 8.00521 2.94603 -1.78597 0.551181 
3544726000000 25.3767 30.0923 -1.88943 51.5386 -2.1126 142.821 85.1362 2.36891 114.316 83.3322 0.76776 130.628 162.141 3.33798 153.248 82.0521 8.00521 2.94603 -1.78597 0.551181 
3544731000000 25.3767 30.0923 -1.88943 51.5386 -2.1126 142.821 85.1362 2.36891 114.316 83.3322 0.76776 130.628 162.141 3.33798 153.248 82.0521 8.00521 2.94603 -1.78597 0.551181 
3544778000000 25.3767 30.0923 -1.88943 51.5386 -2.1126 142.821 85.1362 2.36891 114.316 83.3322 0.76776 130.628 162.141 3.33798 153.248 82.0521 8.00521 2.94603 -1.78597 0.551181 
3544826000000 25.3767 30.0923 -1.88943 51.5386 -2.1126 142.821 85.1362 2.36891 114.316 83.3322 0.76776 130.628 162.141 3.33798 153.248 82.0521 8.00521 2.94603 -1.78597 0.551181 
3544836000000 25.3767 30.0923 -1.88943 51.5386 -2.1126 142.821 85.1362 2.36891 114.316 83.3322 0.76776 130.628 162.141 3.33798 153.248 82.0521 8.00521 2.94603 -1.78597 0.551181 
3544879000000 25.3767 30.0923 -1.88943 51.5386 -2.1126 142.821 85.1362 2.36891 114.316 83.3322 0.76776 130.628 162.141 3.33798 153.248 82.0521 8.00521 2.94603 -1.78597 0.551181 
3544888000000 25.3767 30.0923 -1.88943 51.5386 -2.1126 142.821 85.1362 2.36891 114.316 83.3322 0.76776 130.628 162.141 3.33798 153.248 82.0521 8.00521 2.94603 -1.78597 0.551181 
3544936000000 25.3767 30.0923 -1.88943 51.5386 -2.1126 142.821 85.1362 2.36891 114.316 83.3322 0.76776 130.628 162.141 3.33798 153.248 82.0521 8.00521 2.94603 -1.78597 0.551181 
3544980000000 25.3767 30.0923 -1.88943 51.5386 -2.1126 142.821 85.1362 2.36891 114.316 83.3322 0.76776 130.628 162.141 3.33798 153.248 82.0521 8.00521 2.94603 -3.50394 0.551181 
3545026000000 25.3767 30.0923 -1.88943 51.5386 -2.1126 142.821 85.1362 2.36891 114.316 83.3322 0.76776 130.628 162.141 3.33798 153.248 82.0521 8.00521 2.94603 -1.78597 0.551181 
3545076000000 25.3767 30.0923 -1.88943 51.5386 -2.1126 142.821 85.1362 2.36891 114.316 83.3322 0.76776 130.628 162.141 3.33798 153.248 82.0521 8.00521 2.94603 -1.78597 0.551181 
3545078000000 25.3767 30.0923 -1.88943 51.5386 -2.1126 142.821 85.1362 2.36891 114.316 83.3322 0.76776 130.628 162.141 3.33798 153.248 82.0521 8.00521 2.94603 -1.78597 0.551181 
3545126000000 25.3767 30.0923 -1.88943 51.5386 -2.1126 142.821 85.1362 2.36891 114.316 83.3322 0.76776 130.628 162.141 3.33798 153.248 82.0521 8.00521 2.94603 -1.78597 0.551181 
3545144000000 25.3767 30.0923 -1.88943 51.5386 -2.1126 142.821 85.1362 2.36891 114.316 83.3322 0.76776 130.628 162.141 3.33798 153.248 82.0521 8.00521 2.94603 -1.78597 0.551181 
3545176000000 25.3767 30.0923 -1.88943 51.5386 -2.1126 142.821 85.1362 2.36891 114.316 83.3322 0.76776 130.628 162.141 3.33798 153.248 82.0521 8.00521 2.94603 -1.78597 0.551181 
3545218000000 25.3767 30.0923 -1.88943 51.5386 -2.1126 142.821 85.1362 2.36891 114.316 83.3322 0.76776 130.628 162.141 3.33798 153.248 82.0521 8.00521 2.94603 -1.78597 0.551181 
3545238000000 25.3767 30.0923 -1.88943 51.5386 -2.1126 142.821 85.1362 2.36891 114.316 83.3322 0.76776 130.628 162.141 3.33798 153.248 82.0521 8.00521 2.94603 -1.78597 0.551181 
3545289000000 25.3767 30.0923 -1.88943 51.5386 -2.1126 142.821 85.1362 2.36891 114.316 83.3322 0.76776 130.628 162.141 3.33798 153.248 82.0521 8.00521 2.94603 -1.78597 0.551181 
3545328000000 25.3767 30.0923 -1.88943 51.5386 -2.1126 142.821 85.1362 2.36891 114.316 83.3322 0.76776 130.628 162.141 3.33798 153.248 82.0521 8.00521 2.94603 -1.78597 0.551181 
3545376000000 25.3767 30.0923 -1.88943 51.5386 -2.1126 142.821 85.1362 2.36891 114.316 83.3322 0.76776 130.628 162.141 3.33798 153.248 82.0521 8.00521 2.94603 -1.78597 0.551181 
3545417000000 25.3767 30.0923 -1.88943 51.5386 -2.1126 142.821 85.1362 2.36891 114.316 83.3322 0.76776 130.628 162.141 3.33798 153.248 82.0521 8.00521 2.94603 -1.78597 0.551181 
3545435000000 25.3767 30.0923 -1.88943 51.5386 -2.1126 142.821 85.1362 2.36891 114.316 83.3322 0.76776 130.628 162.141 3.33798 153.248 82.0521 8.00521 2.94603 -3.50394 0.551181 
3545476000000 25.3767 30.0923 -1.88943 51.5386 -2.1126 142.821 85.1362 2.36891 114.316 83.3322 0.76776 130.628 162.141 3.33798 153.248 82.0521 8.00521 2.94603 -1.78597 0.551181 
3545515000000 25.3767 30.0923 -1.88943 51.5386 -2.1126 142.821 85.1362 2.36891 114.316 83.3322 0.76776 130.628 162.141 3.33798 153.248 82.0521 8.00521 2.94603 -1.78597 0.551181 
3545531000000 25.3767 30.0923 -1.88943 51.5386 -2.1126 142.821 85.1362 2.36891 114.316 83.3322 0.76776 130.628 162.141 3.33798 153.248 82.0521 8.00521 2.94603 -1.78597 0.551181 
3545576000000 25.3767 30.0923 -1.88943 51.5386 -2.1126 142.821 85.1362 2.36891 114.316 83.3322 0.76776 130.628 162.141 3.33798 153.248 82.0521 8.00521 2.94603 -1.78597 0.551181 
3545625000000 25.3767 30.0923 -1.88943 51.5386 -2.1126 142.821 85.1362 2.36891 114.316 83.3322 0.76776 130.628 162.141 3.33798 151.857 82.0521 8.00521 2.94603 -2.93128 0.551181 
3545639000000 25.3767 30.0923 -2.00647 50.886 -2.33428 142.821 85.1362 2.36891 114.316 83.3322 0.76776 130.628 162.141 3.33798 151.857 82.0521 8.00521 2.94603 -1.21332 0.551181 
3545676000000 25.3767 30.0923 -2.00647 50.886 -2.33428 142.821 85.1362 2.36891 114.316 83.3322 0.76776 130.628 162.141 3.33798 151.857 82.0521 8.00521 2.94603 -1.21332 0.551181 
3545726000000 25.3767 29.5887 -2.15325 50.886 -2.33428 142.821 85.1362 2.36891 114.316 83.3322 0.76776 130.628 162.141 3.33798 151.857 82.0521 8.00521 2.94603 -1.78597 0.551181 
3545776000000 25.3767 29.5887 -2.15325 50.886 -2.33428 142.821 85.1362 2.36891 114.316 83.3322 0.76776 130.628 162.141 3.33798 151.857 82.0521 8.00521 2.94603 -1.78597 0.551181 
3545783000000 25.3767 29.5887 -2.15325 50.886 -2.33428 142.821 85.1362 2.36891 114.316 83.3322 0.76776 130.628 162.141 3.33798 151.857 82.0521 8.00521 2.94603 -1.78597 0.551181 
3545831000000 25.3767 29.5887 -2.15325 50.886 -2.33428 142.821 85.1362 2.36891 114.316 83.3322 0.76776 130.628 162.141 3.33798 151.857 82.0521 8.00521 2.94603 -1.78597 0.551181 
3545870000000 25.3767 29.5887 -2.15325 50.886 -2.33428 142.821 85.1362 2.36891 114.316 83.3322 0.825646 130.628 162.141 3.45902 151.857 82.0521 8.32616 2.94603 -1.78597 0.551181 
3545877000000 25.3767 29.5887 -2.15325 50.886 -2.33428 142.821 85.1362 2.36891 114.316 83.3322 0.825646 130.628 162.141 3.45902 151.857 82.0521 8.32616 2.94603 -1.78597 0.551181 
3545926000000 25.3767 29.5887 -2.15325 50.886 -2.33428 142.821 85.1362 2.36891 114.316 83.3322 0.825646 130.628 162.141 3.45902 151.857 82.0521 8.32616 2.94603 -1.78597 0.551181 
3545976000000 25.3767 29.5887 -2.15325 50.886 -2.33428 142.821 85.1362 2.36891 114.316 83.3322 0.825646 130.628 162.141 3.45902 151.857 82.0521 8.32616 2.94603 -1.78597 0.726159 
3546007000000 25.3767 29.5887 -2.15325 50.886 -2.33428 142.821 85.1362 2.36891 114.316 83.3322 0.825646 130.628 162.141 3.45902 151.857 82.0521 8.32616 2.94603 -1.78597 0.726159 
3546040000000 25.3767 29.5887 -2.15325 50.886 -2.33428 142.821 85.1362 2.36891 114.316 83.3322 0.825646 130.628 162.141 3.45902 151.857 82.0521 8.32616 2.94603 -1.78597 0.726159 
3546076000000 25.3767 29.5887 -2.15325 50.886 -2.33428 142.821 85.1362 2.36891 114.316 83.3322 0.825646 130.628 162.141 3.45902 151.857 82.0521 8.32616 2.94603 -1.78597 0.726159 
3546088000000 25.3767 29.5887 -2.15325 50.886 -2.33428 142.821 85.1362 2.36891 114.316 83.3322 0.825646 130.628 162.141 3.45902 151.857 82.0521 8.32616 2.94603 -1.78597 0.726159 
3546126000000 25.3767 29.5887 -2.15325 50.886 -1.89091 142.821 83.4464 2.36891 114.316 83.3322 0.825646 126.455 162.141 3.45902 151.857 82.0521 8.32616 2.94603 -1.78597 0.726159 
3546135000000 24.536 26.0632 -2.82953 52.8437 -1.66923 134.999 74.9976 2.36891 111.966 80.9912 0.709873 119.499 149.463 3.19018 144.898 77.7914 7.61046 2.94603 -4.07659 0.201225 
3546180000000 19.9119 12.9687 -5.12406 61.3271 -1.89091 118.05 53.8754 3.04677 101.391 64.6047 0.362551 102.807 111.427 2.35691 122.631 65.8612 5.38955 2.94603 -8.08518 -3.99825 
3546226000000 18.6507 8.43598 -6.32797 61.9796 -1.89091 110.228 47.1163 3.27272 95.5155 58.7523 0.304665 95.8516 93.3149 2.19574 112.89 59.044 4.95789 2.94603 -11.5211 -7.67279 
3546262000000 16.1285 5.91781 -6.94479 62.6322 -1.89091 101.102 40.3572 3.49867 89.6404 50.5591 0.188891 88.8964 73.3915 1.94027 105.931 49.6704 4.27909 2.94603 -13.8117 -12.2222 
3546277000000 12.3451 4.4069 -7.15103 63.9373 -1.89091 75.0273 27.6839 3.49867 72.0151 34.1725 0.015231 73.595 57.0905 1.52364 89.2311 42.001 3.16864 2.94603 -14.3844 -16.4217 
3546298000000 9.82287 2.89599 -7.35726 65.2425 -1.00417 52.864 19.235 3.49867 50.8646 23.6384 -0.216316 52.7293 48.0343 1.02609 68.3558 38.5924 1.84795 2.94603 -13.8117 -17.8215 
3546332000000 7.721 0.881446 -7.24209 69.1579 1.43438 33.3081 9.94124 2.82081 32.0643 14.2746 -0.389976 36.0368 35.3558 0.676338 47.4806 34.3317 0.922011 2.94603 -10.9485 -19.2213 
3546376000000 3.51725 -2.14037 -7.06934 75.031 5.20304 18.9671 0 1.01319 26.1891 8.42228 -1.1425 27.6906 26.2997 -1.05774 26.6053 32.6274 -3.69314 2.94603 -11.5211 -18.8714 
3546412000000 1.83575 -3.65127 -7.04149 77.6413 6.08978 16.3596 0 -0.116577 26.1891 6.08135 -1.54771 27.6906 20.866 -2.06556 16.8636 31.7752 -6.38261 2.94603 -11.5211 -18.6964 
3546430000000 0 -6.16945 -7.30718 80.2516 7.19821 20.2708 0 -0.116577 34.4143 8.42228 -1.66349 29.0816 22.6772 -2.3879 9.90514 31.7752 -7.24593 2.94603 -12.6664 -17.9965 
3546476000000 0 -6.67309 -7.33691 80.9041 8.52833 32.0043 2.33726 0.335328 44.9895 15.4451 -1.20039 37.4279 28.1109 -1.3393 14.0802 30.9231 -4.45694 2.94603 -15.5297 -18.8714 
3546495000000 0 -6.67309 -7.21987 81.5567 8.9717 38.523 5.71681 0.335328 49.6896 18.9565 -0.968844 41.601 31.7333 -0.788246 22.4303 31.7752 -2.98863 2.94603 -16.675 -18.6964 
3546527000000 0 -6.67309 -7.21987 81.5567 10.3018 56.7752 11.631 0.335328 57.9148 27.1497 -0.389976 48.5562 42.6007 0.51582 37.7388 34.3317 0.479164 2.94603 -18.393 -17.4716 
3546584000000 0 -6.67309 -7.21987 81.5567 12.297 81.546 20.0799 0.335328 68.49 40.0249 0.015231 58.2935 62.5241 1.49689 51.6556 39.4446 3.09483 2.94603 -20.111 -15.7218 
3546626000000 0 -6.67309 -7.45395 80.2516 12.962 89.3683 24.3043 0.335328 70.84 44.7068 0.131004 61.0756 69.769 1.79248 54.439 41.1489 3.88434 2.94603 -21.2563 -14.6719 
3546659000000 0 -5.16218 -7.13068 79.599 14.2922 106.317 28.5288 1.01319 79.0652 49.3886 0.131004 70.8129 80.6364 1.85936 64.1808 44.5575 4.06886 2.94603 -24.1195 -12.7472 
3546676000000 0 -5.16218 -7.24772 78.9464 14.7355 116.747 30.2185 1.69104 83.7653 49.3886 0.131004 77.7681 87.8813 1.85936 69.7475 47.1139 4.06886 2.94603 -25.2649 -11.6973 
3546719000000 0 -4.65855 -6.9839 79.599 14.5138 121.962 31.9083 2.36891 87.2904 49.3886 0.131004 83.3323 91.5037 1.81923 75.3142 51.3747 3.95814 2.94603 -26.4102 -11.1724 
3546741000000 0 -3.65127 -6.33923 81.5567 13.4054 124.569 33.5981 3.04677 90.8154 49.3886 0.131004 88.8964 98.7486 1.76572 90.6228 58.1919 3.81053 2.94603 -26.9828 -9.59755 
3546811000000 3.51725 4.91053 -3.14183 85.4721 10.9669 124.569 37.8225 3.04677 91.9905 56.4114 0.131004 91.6785 111.427 1.73897 98.9728 65.0091 3.73672 2.94603 -28.7008 -8.89764 
3546833000000 10.6636 13.4723 -0.529649 86.1247 9.85844 124.569 42.047 3.04677 91.9905 59.9228 0.131004 90.2875 118.672 1.73897 98.9728 68.4177 3.73672 2.94603 -26.4102 -9.94751 
3546876000000 15.2877 19.0123 0.850765 84.8195 8.9717 124.569 45.4265 2.59486 91.9905 63.4342 0.131004 90.2875 125.917 1.73897 98.9728 70.122 3.73672 2.94603 -25.8375 -10.9974 
3546908000000 20.3322 23.0414 1.67382 82.8618 8.75001 124.569 48.8061 2.14295 91.9905 65.7751 0.131004 88.8964 131.351 1.73897 98.9728 70.9742 3.73672 2.94603 -24.1195 -11.6973 
3546926000000 21.5934 24.0487 1.85032 82.2093 8.75001 124.569 49.6509 1.917 91.9905 66.9456 0.131004 88.8964 133.162 1.73897 98.9728 71.8263 3.73672 2.94603 -24.1195 -12.2222 
3546976000000 22.8545 25.056 2.02682 81.5567 8.9717 124.569 50.4958 1.69104 91.9905 68.1161 0.131004 88.8964 133.162 1.73897 98.9728 71.8263 3.73672 2.94603 -22.4016 -12.3972 
3546989000000 23.6952 25.5596 1.82247 79.599 8.52833 123.265 52.1856 1.69104 91.9905 69.2866 0.246778 88.8964 133.162 1.99443 98.9728 71.8263 4.41552 2.94603 -22.4016 -12.5722 
3547023000000 24.1156 26.5669 1.99897 78.9464 8.30664 123.265 53.0305 1.69104 91.9905 69.2866 0.246778 88.8964 133.162 1.99443 98.9728 71.8263 4.41552 2.94603 -22.4016 -12.7472 
3547031000000 24.9564 26.5669 1.88193 78.2939 8.08495 123.265 53.8754 1.69104 91.9905 69.2866 0.246778 88.8964 133.162 1.99443 98.9728 71.8263 4.41552 2.94603 -22.4016 -13.0971 
3547076000000 25.3767 27.0705 1.91166 77.6413 7.86327 123.265 54.7203 1.69104 91.9905 69.2866 0.246778 88.8964 133.162 1.99443 100.365 71.8263 4.41552 2.94603 -21.8289 -12.5722 
3547107000000 25.3767 27.0705 1.91166 77.6413 7.86327 123.265 54.7203 1.69104 91.9905 69.2866 0.246778 88.8964 134.973 2.00781 100.365 71.8263 4.45242 2.94603 -21.2563 -12.5722 
3547128000000 25.3767 27.0705 1.91166 77.6413 7.86327 123.265 54.7203 1.69104 91.9905 69.2866 0.246778 88.8964 134.973 2.00781 100.365 71.8263 4.45242 2.94603 -20.111 -12.0472 
3547177000000 25.3767 27.0705 1.91166 77.6413 7.86327 123.265 54.7203 1.69104 91.9905 69.2866 0.246778 88.8964 134.973 2.00781 100.365 71.8263 4.45242 2.94603 -19.5383 -11.6973 
3547226000000 25.3767 27.0705 1.91166 77.6413 7.86327 123.265 54.7203 1.69104 91.9905 69.2866 0.246778 88.8964 134.973 2.00781 100.365 71.8263 4.45242 2.94603 -19.5383 -11.6973 
3547276000000 25.3767 27.0705 1.91166 77.6413 7.86327 123.265 54.7203 1.69104 91.9905 69.2866 0.246778 88.8964 134.973 2.00781 100.365 71.8263 4.45242 2.94603 -19.5383 -11.6973 
3547281000000 25.3767 27.0705 1.91166 77.6413 7.86327 123.265 54.7203 1.69104 91.9905 69.2866 0.246778 88.8964 134.973 2.00781 100.365 71.8263 4.45242 2.94603 -19.5383 -11.6973 
3547326000000 24.9564 27.0705 1.91166 77.6413 7.86327 123.265 54.7203 1.69104 91.9905 69.2866 0.246778 88.8964 133.162 2.00781 100.365 71.8263 4.45242 2.94603 -19.5383 -11.3473 
3547376000000 24.9564 27.0705 1.91166 77.6413 7.86327 123.265 54.7203 1.69104 91.9905 69.2866 0.246778 88.8964 133.162 2.00781 100.365 71.8263 4.45242 2.94603 -19.5383 -11.3473 
3547388000000 24.9564 27.0705 1.91166 77.6413 7.86327 123.265 54.7203 1.69104 91.9905 69.2866 0.246778 88.8964 133.162 2.00781 100.365 71.8263 4.45242 2.94603 -19.5383 -11.3473 
3547426000000 24.9564 27.0705 1.91166 77.6413 7.64158 123.265 54.7203 1.69104 91.9905 69.2866 0.246778 88.8964 133.162 2.00781 98.9728 71.8263 4.45242 2.94603 -19.5383 -11.3473 
3547433000000 24.9564 27.0705 1.91166 77.6413 7.64158 123.265 54.7203 1.69104 91.9905 69.2866 0.246778 88.8964 133.162 2.00781 98.9728 71.8263 4.45242 2.94603 -19.5383 -11.3473 
3547476000000 24.9564 27.0705 1.91166 77.6413 7.64158 123.265 54.7203 1.69104 91.9905 69.2866 0.246778 88.8964 133.162 2.00781 98.9728 71.8263 4.45242 2.94603 -18.393 -11.3473 
3547516000000 24.9564 27.0705 1.91166 77.6413 7.64158 123.265 54.7203 1.69104 91.9905 69.2866 0.246778 88.8964 133.162 2.00781 98.9728 71.8263 4.45242 2.94603 -18.393 -11.3473 
3547539000000 24.9564 27.0705 1.91166 77.6413 7.64158 123.265 54.7203 1.69104 91.9905 69.2866 0.246778 88.8964 133.162 2.00781 98.9728 71.8263 4.45242 2.94603 -18.393 -10.9974 
3547586000000 24.9564 27.0705 1.91166 77.6413 7.64158 123.265 54.7203 1.69104 91.9905 69.2866 0.246778 88.8964 133.162 2.00781 98.9728 71.8263 4.45242 2.94603 -18.393 -10.9974 
3547607000000 24.9564 27.0705 1.91166 77.6413 7.64158 123.265 54.7203 1.69104 91.9905 69.2866 0.246778 90.2875 133.162 2.02119 98.9728 71.8263 4.48933 2.94603 -18.393 -10.9974 
3547640000000 24.9564 27.0705 2.0287 78.2939 7.64158 121.962 54.7203 1.69104 91.9905 69.2866 0.246778 90.2875 133.162 2.02119 98.9728 71.8263 4.48933 2.94603 -18.393 -10.8224 
3547676000000 24.9564 27.0705 2.0287 78.2939 7.64158 121.962 54.7203 1.69104 91.9905 69.2866 0.246778 90.2875 131.351 2.02119 98.9728 71.8263 4.48933 2.94603 -18.393 -10.8224 
3547688000000 24.9564 27.0705 2.0287 78.2939 7.64158 121.962 54.7203 1.69104 91.9905 69.2866 0.246778 90.2875 131.351 2.02119 98.9728 71.8263 4.48933 2.94603 -18.393 -10.6474 
3547730000000 24.9564 27.0705 2.0287 78.2939 7.64158 121.962 54.7203 1.69104 91.9905 69.2866 0.246778 90.2875 131.351 2.02119 98.9728 71.8263 4.48933 2.94603 -18.393 -10.4724 
3547777000000 24.9564 26.5669 1.88193 78.2939 7.86327 121.962 54.7203 1.69104 91.9905 69.2866 0.246778 90.2875 131.351 2.02119 98.9728 71.8263 4.48933 2.94603 -18.393 -10.4724 
3547808000000 24.9564 26.5669 1.88193 78.2939 7.86327 121.962 54.7203 1.69104 91.9905 69.2866 0.246778 90.2875 131.351 2.02119 98.9728 71.8263 4.48933 2.94603 -17.8203 -10.4724 
3547832000000 24.9564 26.5669 1.88193 78.2939 7.86327 121.962 54.7203 1.69104 91.9905 69.2866 0.246778 90.2875 131.351 2.02119 98.9728 70.9742 4.48933 2.94603 -17.8203 -10.4724 
3547876000000 24.536 26.5669 1.88193 78.2939 7.86327 121.962 54.7203 1.69104 91.9905 69.2866 0.246778 90.2875 131.351 2.02119 98.9728 70.9742 4.48933 2.94603 -17.8203 -10.1225 
3547887000000 24.536 26.5669 1.88193 78.2939 7.86327 121.962 54.7203 1.69104 91.9905 69.2866 0.246778 90.2875 131.351 2.02119 98.9728 70.9742 4.48933 2.94603 -17.8203 -10.2975 
3547926000000 24.536 26.5669 1.88193 78.2939 7.86327 121.962 54.7203 1.69104 91.9905 69.2866 0.246778 90.2875 131.351 2.02119 98.9728 70.9742 4.48933 2.94603 -17.8203 -10.1225 
3547979000000 24.536 26.5669 1.88193 78.2939 7.86327 121.962 54.7203 1.69104 91.9905 69.2866 0.246778 90.2875 131.351 2.02119 98.9728 70.9742 4.48933 2.94603 -17.2477 -9.94751 
3548026000000 24.536 26.5669 1.88193 78.2939 7.86327 121.962 53.8754 1.69104 91.9905 69.2866 0.246778 90.2875 131.351 2.02119 98.9728 70.9742 4.48933 2.94603 -21.2563 -9.77253 
3548049000000 24.536 26.5669 1.88193 78.2939 7.86327 121.962 53.8754 1.69104 91.9905 69.2866 0.246778 90.2875 131.351 2.02119 98.9728 70.9742 4.48933 2.94603 -17.2477 -9.77253 
3548078000000 24.536 26.5669 1.88193 78.2939 7.86327 121.962 53.8754 1.69104 91.9905 69.2866 0.246778 90.2875 131.351 2.02119 98.9728 70.9742 4.48933 2.94603 -17.2477 -9.77253 
3548119000000 24.536 26.5669 1.88193 78.2939 7.86327 121.962 53.8754 1.69104 91.9905 69.2866 0.246778 90.2875 131.351 2.02119 98.9728 70.9742 4.48933 2.94603 -17.2477 -9.77253 
3548150000000 24.536 26.5669 1.88193 78.2939 7.86327 121.962 53.8754 1.69104 91.9905 69.2866 0.246778 90.2875 131.351 2.02119 98.9728 70.9742 4.48933 2.94603 -17.2477 -9.42257 
3548176000000 24.536 26.5669 1.88193 78.2939 7.86327 121.962 53.8754 1.69104 91.9905 69.2866 0.246778 88.8964 131.351 2.02119 98.9728 70.9742 4.48933 2.94603 -17.2477 -9.42257 
3548206000000 24.536 26.5669 1.88193 78.2939 7.86327 121.962 53.8754 1.46509 91.9905 69.2866 0.246778 88.8964 131.351 2.02119 98.9728 70.9742 4.48933 2.94603 -17.2477 -9.42257 
3548249000000 24.536 26.5669 1.88193 78.2939 7.86327 121.962 53.8754 1.46509 91.9905 69.2866 0.246778 88.8964 131.351 2.02119 98.9728 70.9742 4.48933 2.94603 -16.1024 -9.42257 
3548276000000 24.536 26.5669 1.88193 78.2939 7.86327 121.962 53.8754 1.46509 91.9905 69.2866 0.246778 88.8964 131.351 2.02119 98.9728 70.9742 4.48933 2.94603 -16.1024 -9.42257 
3548304000000 24.536 26.5669 1.88193 78.2939 7.86327 121.962 53.8754 1.46509 91.9905 69.2866 0.246778 88.8964 131.351 2.02119 98.9728 70.9742 4.48933 2.94603 -16.1024 -9.42257 
3548331000000 24.536 26.5669 1.88193 78.2939 7.86327 121.962 53.8754 1.46509 91.9905 69.2866 0.246778 88.8964 131.351 2.02119 98.9728 70.9742 4.48933 2.94603 -16.1024 -9.42257 
3548395000000 24.536 26.5669 1.88193 78.2939 7.86327 121.962 53.8754 1.46509 91.9905 69.2866 0.246778 88.8964 131.351 2.02119 98.9728 70.9742 4.48933 2.94603 -16.1024 -9.42257 
3548417000000 24.536 26.5669 1.88193 78.2939 7.86327 121.962 53.8754 1.46509 91.9905 69.2866 0.246778 88.8964 131.351 2.02119 98.9728 70.9742 4.48933 2.94603 -16.1024 -9.07262 
3548451000000 24.536 26.5669 1.88193 78.2939 7.86327 121.962 53.8754 1.46509 91.9905 69.2866 0.246778 88.8964 131.351 2.02119 98.9728 70.9742 4.48933 2.94603 -16.1024 -8.89764 
3548476000000 24.536 26.5669 1.88193 78.2939 7.86327 121.962 53.8754 1.46509 91.9905 69.2866 0.246778 88.8964 131.351 2.02119 98.9728 71.8263 4.48933 2.94603 -16.1024 -8.89764 
3548512000000 24.536 26.5669 1.88193 78.2939 7.86327 121.962 53.8754 1.46509 91.9905 69.2866 0.246778 88.8964 131.351 2.02119 97.5812 71.8263 4.48933 2.94603 -15.5297 -8.72266 
3548542000000 24.536 26.5669 1.88193 78.2939 7.86327 121.962 53.8754 1.46509 91.9905 69.2866 0.246778 88.8964 131.351 2.02119 97.5812 71.8263 4.48933 2.94603 -15.5297 -8.54768 
3548588000000 24.536 26.5669 1.88193 78.2939 7.86327 121.962 53.8754 1.46509 91.9905 69.2866 0.246778 88.8964 131.351 2.02119 97.5812 71.8263 4.48933 2.94603 -16.675 -8.19773 
3548626000000 24.536 26.5669 1.88193 78.2939 7.86327 121.962 53.8754 1.46509 91.9905 69.2866 0.246778 88.8964 131.351 2.02119 97.5812 71.8263 4.48933 2.94603 -16.1024 -8.02275 
3548668000000 24.536 26.0632 1.73515 78.2939 7.86327 121.962 53.8754 1.46509 91.9905 69.2866 0.246778 88.8964 131.351 2.02119 97.5812 71.8263 4.48933 2.94603 -15.5297 -7.84777 
3548698000000 24.536 26.0632 1.73515 78.2939 7.86327 121.962 53.8754 1.46509 93.1655 69.2866 0.246778 88.8964 131.351 2.02119 97.5812 71.8263 4.48933 2.94603 -17.2477 -7.67279 
3548714000000 24.536 26.0632 1.73515 78.2939 7.86327 121.962 53.8754 1.46509 93.1655 69.2866 0.246778 88.8964 131.351 2.02119 97.5812 71.8263 4.48933 2.94603 -16.1024 -7.67279 
3548726000000 24.536 26.0632 1.73515 78.2939 7.86327 121.962 53.8754 1.46509 93.1655 69.2866 0.246778 88.8964 131.351 2.02119 97.5812 71.8263 4.48933 2.94603 -15.5297 -7.32283 
3548783000000 24.536 26.0632 1.73515 78.2939 7.86327 121.962 53.8754 1.46509 93.1655 69.2866 0.246778 88.8964 131.351 2.02119 97.5812 71.8263 4.48933 2.94603 -17.2477 -7.14786 
3548826000000 24.536 26.0632 1.73515 78.2939 7.86327 121.962 53.8754 1.46509 93.1655 69.2866 0.246778 88.8964 131.351 2.02119 97.5812 71.8263 4.48933 2.94603 -15.5297 -7.14786 
3548841000000 24.536 26.0632 1.73515 78.2939 7.64158 121.962 53.8754 1.23914 93.1655 69.2866 0.246778 88.8964 131.351 2.02119 97.5812 71.8263 4.48933 2.94603 -15.5297 -7.14786 
3548882000000 24.536 26.0632 1.73515 78.2939 7.64158 121.962 53.8754 1.23914 93.1655 69.2866 0.246778 88.8964 131.351 2.02119 97.5812 71.8263 4.48933 2.94603 -15.5297 -7.14786 
3548908000000 24.536 26.0632 1.73515 78.2939 7.64158 121.962 53.8754 1.23914 93.1655 69.2866 0.246778 88.8964 131.351 2.02119 97.5812 71.8263 4.48933 2.94603 -15.5297 -7.14786 
3548928000000 24.536 26.0632 1.73515 78.2939 7.64158 121.962 53.8754 1.23914 93.1655 69.2866 0.246778 88.8964 131.351 2.02119 97.5812 71.8263 4.48933 2.94603 -15.5297 -7.14786 
3548976000000 24.536 26.0632 1.73515 78.2939 7.64158 121.962 53.8754 1.23914 93.1655 69.2866 0.246778 88.8964 131.351 2.02119 97.5812 71.8263 4.48933 2.94603 -15.5297 -7.14786 
3548992000000 24.536 26.0632 1.73515 78.2939 7.64158 121.962 53.8754 1.23914 93.1655 69.2866 0.246778 88.8964 131.351 2.02119 97.5812 71.8263 4.48933 2.94603 -15.5297 -7.14786 
3549053000000 24.536 26.0632 1.73515 78.2939 7.64158 121.962 53.8754 1.23914 93.1655 69.2866 0.246778 88.8964 131.351 2.02119 97.5812 71.8263 4.48933 2.94603 -16.675 -7.14786 
3549076000000 24.536 26.0632 1.73515 78.2939 7.64158 121.962 53.8754 1.23914 93.1655 69.2866 0.246778 88.8964 131.351 2.02119 97.5812 71.8263 4.48933 2.94603 -15.5297 -7.14786 
3549111000000 24.536 26.0632 1.73515 78.2939 7.64158 121.962 53.8754 1.23914 93.1655 69.2866 0.246778 88.8964 131.351 2.02119 97.5812 71.8263 4.48933 2.94603 -16.675 -6.97288 
3549133000000 24.536 26.0632 1.73515 78.2939 7.64158 121.962 53.8754 1.23914 93.1655 69.2866 0.246778 88.8964 131.351 2.02119 97.5812 71.8263 4.48933 2.94603 -15.5297 -6.97288 
3549215000000 24.536 26.0632 1.73515 78.2939 7.64158 121.962 53.8754 1.23914 93.1655 69.2866 0.246778 88.8964 131.351 2.02119 97.5812 71.8263 4.48933 2.94603 -15.5297 -6.97288 
3549233000000 24.536 26.0632 1.73515 78.2939 7.64158 121.962 53.8754 1.23914 93.1655 69.2866 0.246778 88.8964 131.351 2.02119 97.5812 71.8263 4.48933 2.94603 -15.5297 -6.97288 
3549265000000 24.536 26.0632 1.73515 78.2939 7.86327 121.962 53.8754 1.23914 93.1655 69.2866 0.246778 88.8964 131.351 2.02119 96.1895 71.8263 4.48933 2.94603 -15.5297 -6.97288 
3549277000000 24.536 26.0632 1.73515 78.2939 7.86327 121.962 53.8754 1.23914 93.1655 69.2866 0.246778 88.8964 129.539 2.02119 96.1895 71.8263 4.48933 2.94603 -15.5297 -6.97288 
3549302000000 24.536 26.0632 1.73515 78.2939 7.86327 121.962 53.8754 1.23914 93.1655 69.2866 0.246778 88.8964 129.539 2.02119 96.1895 71.8263 4.48933 2.94603 -15.5297 -6.97288 
3549345000000 24.536 26.0632 1.73515 78.2939 7.86327 121.962 53.8754 1.23914 93.1655 69.2866 0.246778 88.8964 129.539 2.03456 96.1895 71.8263 4.52623 2.94603 -15.5297 -6.97288 
3549376000000 24.536 26.0632 1.73515 78.2939 7.86327 121.962 53.8754 1.23914 93.1655 69.2866 0.246778 88.8964 129.539 2.03456 96.1895 71.8263 4.52623 2.94603 -15.5297 -6.97288 
3549425000000 24.536 26.0632 1.73515 78.2939 7.86327 121.962 53.8754 1.23914 93.1655 69.2866 0.246778 88.8964 129.539 2.03456 96.1895 71.8263 4.52623 2.94603 -15.5297 -6.97288 
3549464000000 24.536 26.0632 1.73515 78.2939 7.86327 121.962 53.8754 1.23914 93.1655 69.2866 0.246778 88.8964 129.539 2.03456 96.1895 71.8263 4.52623 2.94603 -15.5297 -6.97288 
3549498000000 24.536 26.0632 1.73515 78.2939 7.86327 121.962 53.8754 1.23914 93.1655 69.2866 0.246778 88.8964 129.539 2.03456 96.1895 71.8263 4.52623 2.94603 -15.5297 -6.97288 
3549531000000 24.536 26.0632 1.73515 78.2939 7.86327 121.962 53.8754 1.23914 93.1655 69.2866 0.246778 88.8964 129.539 2.03456 96.1895 71.8263 4.52623 2.94603 -15.5297 -6.7979 
3549578000000 24.536 26.0632 1.73515 78.2939 7.86327 121.962 53.8754 1.23914 93.1655 69.2866 0.246778 88.8964 129.539 2.03456 96.1895 71.8263 4.52623 2.94603 -15.5297 -6.7979 
3549626000000 24.536 26.0632 1.73515 78.2939 7.86327 121.962 53.8754 1.23914 93.1655 69.2866 0.246778 88.8964 129.539 2.03456 96.1895 71.8263 4.52623 2.94603 -15.5297 -6.7979 
3549660000000 24.536 26.0632 1.8522 78.9464 7.86327 121.962 53.8754 1.23914 93.1655 69.2866 0.246778 88.8964 129.539 2.03456 96.1895 71.8263 4.52623 2.94603 -15.5297 -6.7979 
3549680000000 24.536 26.0632 1.8522 78.9464 7.86327 121.962 53.8754 1.23914 93.1655 69.2866 0.246778 88.8964 129.539 2.03456 96.1895 71.8263 4.52623 2.94603 -14.9571 -6.7979 
3549726000000 24.536 26.0632 1.8522 78.9464 7.86327 121.962 53.8754 1.23914 93.1655 69.2866 0.246778 88.8964 129.539 2.03456 96.1895 71.8263 4.52623 2.94603 -14.9571 -6.7979 
3549731000000 24.536 26.0632 1.8522 78.9464 7.86327 121.962 53.8754 1.23914 93.1655 69.2866 0.246778 88.8964 129.539 2.03456 96.1895 71.8263 4.52623 2.94603 -14.9571 -6.7979 
3549775000000 24.536 26.0632 1.8522 78.9464 7.86327 121.962 53.8754 1.23914 93.1655 69.2866 0.246778 88.8964 129.539 2.03456 96.1895 71.8263 4.52623 2.94603 -16.1024 -6.7979 
3549777000000 24.536 26.0632 1.8522 78.9464 7.86327 121.962 53.8754 1.23914 93.1655 69.2866 0.246778 88.8964 129.539 2.03456 96.1895 71.8263 4.52623 2.94603 -14.9571 -6.7979 
3549797000000 24.536 26.0632 1.8522 78.9464 7.86327 121.962 53.8754 1.23914 93.1655 69.2866 0.246778 88.8964 129.539 2.03456 96.1895 71.8263 4.52623 2.94603 -14.9571 -6.7979 
3549832000000 24.536 26.0632 1.8522 78.9464 7.86327 121.962 53.8754 1.23914 93.1655 69.2866 0.246778 88.8964 129.539 2.03456 96.1895 71.8263 4.52623 2.94603 -14.9571 -6.7979 
3549876000000 24.536 26.0632 1.8522 78.9464 7.86327 121.962 53.8754 1.23914 93.1655 69.2866 0.246778 88.8964 129.539 2.03456 96.1895 71.8263 4.52623 2.94603 -14.9571 -6.7979 
3549898000000 24.536 26.0632 1.8522 78.9464 7.86327 121.962 53.8754 1.23914 93.1655 69.2866 0.246778 88.8964 129.539 2.03456 96.1895 71.8263 4.52623 2.94603 -14.9571 -6.7979 
3549958000000 24.536 26.0632 1.8522 78.9464 7.86327 121.962 53.8754 1.23914 93.1655 69.2866 0.246778 88.8964 129.539 2.03456 96.1895 71.8263 4.52623 2.94603 -14.9571 -6.7979 
3549985000000 24.536 26.0632 1.8522 78.9464 7.86327 121.962 53.8754 1.23914 93.1655 69.2866 0.246778 88.8964 129.539 2.03456 96.1895 71.8263 4.52623 2.94603 -14.9571 -6.7979 
3550026000000 24.536 26.0632 1.8522 78.9464 7.86327 121.962 53.8754 1.23914 93.1655 69.2866 0.246778 88.8964 129.539 2.03456 96.1895 71.8263 4.52623 2.94603 -16.1024 -6.7979 
3550076000000 24.536 26.0632 1.8522 78.9464 7.86327 121.962 53.8754 1.23914 93.1655 69.2866 0.246778 88.8964 129.539 2.03456 96.1895 71.8263 4.52623 2.94603 -14.9571 -6.44794 
3550108000000 24.536 26.0632 1.8522 78.9464 7.86327 121.962 53.8754 1.23914 93.1655 69.2866 0.246778 88.8964 129.539 2.03456 96.1895 71.8263 4.52623 2.94603 -16.675 -6.44794 
