#time#THJ1#THJ2#THJ3#THJ4#THJ5#FFJ0#FFJ3#FFJ4#MFJ0#MFJ3#MFJ4#RFJ0#RFJ3#RFJ4#LFJ0#LFJ3#LFJ4#LFJ5#WRJ1#WRJ2
3558176000000 0.154252 -1.1331 -11.2234 50.2334 -11.6451 0 0 -9.38065 7.38876 0 -1.48983 1.26077 0 -2.0649 0 9.61931 -6.3938 2.94603 10.2398 -13.972 
3558226000000 0.995001 -1.1331 -11.2234 50.2334 -11.6451 0 0 -9.38065 7.38876 0 -1.48983 1.26077 0 -2.0649 0 9.61931 -6.3938 2.94603 10.2398 -13.972 
3558269000000 0.995001 -1.1331 -11.2234 50.2334 -11.6451 0 0 -9.38065 7.38876 0 -1.48983 1.26077 0 -2.0649 0 9.61931 -6.3938 2.94603 10.2398 -13.972 
3558284000000 1.41538 -1.1331 -11.2234 50.2334 -11.6451 0 0 -9.38065 7.38876 0 -1.48983 1.26077 0 -2.0649 0 9.61931 -6.3938 2.94603 10.2398 -13.972 
3558331000000 1.83575 -1.1331 -11.2234 50.2334 -11.2017 0 0 -9.38065 7.38876 0 -1.48983 1.26077 0 -2.0649 0 9.61931 -6.3938 2.94603 10.2398 -13.797 
3558376000000 1.83575 -1.1331 -11.1064 50.886 -11.2017 0 0 -9.38065 7.38876 0 -1.48983 1.26077 0 -2.0649 0 9.61931 -6.3938 2.94603 10.2398 -13.797 
3558398000000 1.83575 -1.1331 -11.1064 50.886 -11.2017 0 0 -9.38065 7.38876 0 -1.48983 1.26077 0 -2.05153 0 9.61931 -6.3569 2.94603 10.2398 -13.797 
3558429000000 1.83575 -1.1331 -11.1064 50.886 -11.2017 0 0 -9.38065 7.38876 0 -1.48983 1.26077 0 -2.05153 0 9.61931 -6.3569 2.94603 10.2398 -13.797 
3558476000000 1.83575 -1.1331 -11.1064 50.886 -11.2017 0 0 -9.38065 7.38876 0 -1.48983 1.26077 0 -2.05153 0 9.61931 -6.3569 2.94603 10.2398 -13.797 
3558521000000 1.83575 -1.1331 -11.1064 50.886 -11.2017 0 0 -9.38065 7.38876 0 -1.48983 1.26077 0 -2.05153 0 9.61931 -6.3569 2.94603 10.2398 -13.797 
3558528000000 1.83575 -1.1331 -11.1064 50.886 -11.2017 0 0 -9.38065 7.38876 0 -1.48983 1.26077 0 -2.05153 0 9.61931 -6.3569 2.94603 10.2398 -13.4471 
3558576000000 1.83575 -0.62946 -10.9596 50.886 -11.2017 0.714889 0 -9.38065 7.38876 0 -1.48983 1.26077 0 -2.05153 0 9.61931 -6.3569 2.94603 9.09449 -13.0971 
3558610000000 1.83575 -0.62946 -10.9596 50.886 -11.2017 0.714889 0 -9.38065 7.38876 0 -1.48983 1.26077 0 -2.05153 0 9.61931 -6.3569 2.94603 10.2398 -13.0971 
3558654000000 2.25613 -0.62946 -10.9596 50.886 -11.2017 0.714889 0 -9.38065 7.38876 0 -1.48983 1.26077 0 -2.05153 0 9.61931 -6.3569 2.94603 10.2398 -13.0971 
3558694000000 2.25613 -0.62946 -10.9596 50.886 -11.2017 0.714889 0 -9.38065 7.38876 0 -1.48983 1.26077 0 -2.05153 0 9.61931 -6.3569 2.94603 10.2398 -13.0971 
3558726000000 2.25613 -0.62946 -10.9596 50.886 -11.2017 0.714889 0 -9.38065 7.38876 0 -1.48983 1.26077 0 -2.05153 0 9.61931 -6.3569 2.94603 10.2398 -13.0971 
3558776000000 2.25613 -0.62946 -10.9596 50.886 -11.2017 0.714889 0 -9.38065 7.38876 0 -1.48983 1.26077 0 -2.05153 0 9.61931 -6.3569 2.94603 10.2398 -13.0971 
3558826000000 2.25613 -0.62946 -10.9596 50.886 -11.2017 0.714889 0 -9.38065 7.38876 0 -1.48983 1.26077 0 -2.05153 0 9.61931 -6.3569 2.94603 10.2398 -13.0971 
3558869000000 2.25613 -0.62946 -10.9596 50.886 -11.2017 0.714889 0 -9.38065 7.38876 0 -1.48983 1.26077 0 -2.05153 0 9.61931 -6.3569 2.94603 10.2398 -13.0971 
3558876000000 2.25613 -0.62946 -10.9596 50.886 -10.7583 0.714889 0 -9.38065 7.38876 0 -1.48983 1.26077 0 -2.05153 0 9.61931 -6.3569 2.94603 9.09449 -13.0971 
3558896000000 2.25613 -0.62946 -10.9596 50.886 -10.7583 0.714889 0 -9.38065 7.38876 0 -1.48983 1.26077 0 -2.05153 0 9.61931 -6.3569 2.94603 10.2398 -13.0971 
3558926000000 2.25613 -0.62946 -10.9596 50.886 -10.5367 0.714889 0 -9.38065 7.38876 0 -1.48983 1.26077 0 -2.05153 0 9.61931 -6.3569 2.94603 10.8125 -13.0971 
3558976000000 2.25613 -0.62946 -10.6085 52.8437 -8.98486 4.62607 0 -7.79898 7.38876 0 -1.6056 1.26077 0 -2.22673 0 9.61931 -6.81427 2.94603 10.8125 -13.0971 
3559026000000 2.25613 -2.644 -10.8444 54.8014 -7.65475 7.23352 0 -7.12112 7.38876 0 -1.66349 1.26077 0 -2.30764 0 9.61931 -7.02451 2.94603 7.94918 -12.7472 
3559039000000 1.41538 -3.65127 -11.021 55.454 -6.98969 7.23352 0 -6.66921 7.38876 0 -1.77926 1.26077 0 -2.49622 0 7.91501 -7.51878 2.94603 7.94918 -13.2721 
3559076000000 1.41538 -4.65855 -11.0804 56.7591 -6.768 7.23352 0 -5.53945 7.38876 0 -1.83715 1.26077 0 -2.55038 0 8.76716 -7.65521 2.94603 6.23121 -13.622 
3559117000000 1.41538 -5.66582 -11.1399 58.0642 -6.32463 7.23352 0 -4.40968 7.38876 0 -1.83715 4.04285 0 -2.49688 0 12.1758 -7.5076 2.94603 3.94059 -13.972 
3559126000000 0.995001 -6.16945 -10.8185 60.6745 -5.65957 7.23352 0 -4.18373 7.38876 0 -2.06869 4.04285 0 -3.0078 0 13.0279 -8.86519 2.94603 1.64996 -15.0219 
3559182000000 0.574627 -6.67309 -10.4971 63.2848 -4.99452 7.23352 0 -4.86159 7.38876 0 -2.53179 4.04285 0 -4.05641 0 13.8801 -11.6542 2.94603 2.22262 -16.0717 
3559226000000 0.154252 -7.17672 -10.0586 66.5476 -3.6644 7.23352 0 -4.63563 7.38876 0 -2.87911 4.04285 0 -4.83617 0 18.1408 -13.7275 2.94603 1.07731 -16.4217 
3559276000000 0.154252 -7.68036 -9.73723 69.1579 -2.77766 7.23352 0 -4.86159 10.9138 0 -3.16854 4.04285 0 -5.52164 0 23.2537 -15.5536 2.94603 -0.0680022 -16.4217 
3559296000000 0 -8.68763 -8.97739 75.031 0.991005 9.84097 0 -5.31349 15.6139 0 -3.28432 8.21598 2.75377 -5.79048 0 25.8102 -16.2693 2.94603 -2.35863 -16.7717 
3559326000000 0 -8.68763 -8.50922 77.6413 2.54281 11.1447 0 -5.53945 17.964 0 -3.22643 9.60702 8.18743 -5.66944 0 26.6623 -15.9484 2.94603 -4.64925 -17.2966 
3559356000000 0 -8.68763 -8.27513 78.9464 4.09461 13.7522 0 -5.31349 21.489 0 -3.05277 12.3891 11.8099 -5.29293 0.163366 27.5145 -14.9486 2.94603 -5.79456 -17.8215 
3559376000000 0 -9.6949 -8.21755 80.9041 5.64641 15.0559 0 -5.53945 23.8391 0.229008 -3.16854 13.7801 19.0548 -5.6019 0.163366 30.0709 -15.7751 2.94603 -7.51253 -17.8215 
3559384000000 0 -10.1985 -8.13023 82.2093 6.08978 16.3596 0 -5.99135 22.6641 1.39947 -3.22643 12.3891 20.866 -5.76308 0 30.9231 -16.2067 2.94603 -8.08518 -17.2966 
3559426000000 0 -8.68763 -7.33878 84.167 9.85844 28.0932 5.71681 -3.73182 26.1891 23.6384 -2.24235 15.1712 40.7895 -3.59833 2.94673 31.7752 -10.4554 2.94603 -14.9571 -17.2966 
3559483000000 0 -5.16218 -6.31137 84.167 13.4054 50.2565 26.839 -1.02039 40.2894 45.8772 -0.85307 31.8637 69.769 -0.559536 18.2552 39.4446 -2.38364 2.94603 -21.2563 -16.4217 
3559526000000 0 -4.65855 -6.1646 84.167 14.0705 56.7752 30.2185 -0.34253 43.8145 49.3886 -0.216316 34.6458 69.769 0.892325 22.4303 38.5924 1.47891 2.94603 -21.8289 -16.0717 
3559542000000 0 -4.15491 -6.36896 82.2093 14.5138 67.205 33.5981 -0.116577 49.6896 54.0705 0.304665 40.21 69.769 2.06197 27.997 37.7403 4.58885 2.94603 -23.5469 -15.0219 
3559576000000 0 -3.14764 -6.42654 80.2516 15.1789 80.2422 40.3572 0.335328 59.0898 61.0933 0.651986 49.9472 80.6364 2.85511 32.1721 41.1489 6.69905 2.94603 -24.1195 -14.147 
3559609000000 0 -3.65127 -6.69036 79.599 15.6223 91.9758 42.047 0.561281 66.1399 61.0933 0.478326 55.5114 93.3149 2.51874 34.9554 45.4096 5.81002 2.94603 -25.2649 -13.622 
3559628000000 0 -5.66582 -7.39449 78.9464 15.844 111.532 41.2021 1.01319 80.2402 58.7523 -0.216316 68.0308 109.616 1.10635 41.9139 54.7833 2.06937 2.94603 -25.8375 -12.2222 
3559676000000 0 -5.16218 -7.13068 79.599 14.9572 114.139 42.047 1.23914 87.2904 56.4114 -0.737297 77.7681 116.861 -0.0365428 60.0057 64.1569 -0.966764 2.94603 -26.9828 -10.2975 
3559685000000 0 -4.15491 -6.72009 80.2516 14.2922 114.139 42.047 1.01319 88.4654 56.4114 -0.737297 81.9412 120.483 -0.0632958 69.7475 67.5656 -1.04057 2.94603 -27.5555 -9.42257 
3559732000000 0 -0.62946 -5.34155 82.2093 12.0753 115.443 45.4265 1.01319 91.9905 58.7523 -0.67941 86.1144 129.539 0.0577471 86.4477 72.6785 -0.719625 2.94603 -28.7008 -8.89764 
3559776000000 1.83575 6.42144 -2.70151 85.4721 10.9669 116.747 47.9612 1.69104 91.9905 62.2637 -0.621523 87.5054 136.784 0.165413 87.8394 76.0871 -0.435583 2.94603 -29.2734 -9.59755 
3559826000000 8.14137 12.9687 -0.559379 86.7772 10.7452 116.747 49.6509 1.917 91.9905 64.6047 -0.50575 87.5054 142.218 0.407499 87.8394 76.9392 0.20631 2.94603 -28.1281 -9.77253 
3559848000000 12.7655 19.0123 1.2019 86.7772 10.3018 116.747 52.1856 1.69104 91.9905 66.9456 -0.50575 86.1144 145.84 0.394123 87.8394 78.6435 0.169406 2.94603 -26.4102 -10.4724 
3559910000000 16.1285 22.5378 1.99522 85.4721 10.3018 116.747 53.8754 1.01319 91.9905 70.457 -0.50575 86.1144 151.274 0.394123 87.8394 79.4957 0.169406 2.94603 -25.2649 -10.6474 
3559926000000 17.3896 23.5451 2.28876 85.4721 10.3018 116.747 54.7203 0.787234 91.9905 70.457 -0.50575 86.1144 151.274 0.394123 87.8394 79.4957 0.169406 2.94603 -23.5469 -10.4724 
3559944000000 18.2304 23.5451 2.17172 84.8195 10.3018 116.747 54.7203 0.787234 90.8154 70.457 -0.50575 86.1144 151.274 0.394123 87.8394 79.4957 0.169406 2.94603 -22.9742 -10.2975 
3559976000000 19.4915 24.0487 2.20145 84.167 10.3018 116.747 56.41 0.787234 90.8154 70.457 -0.50575 86.1144 151.274 0.394123 87.8394 79.4957 0.169406 2.94603 -22.4016 -10.4724 
3559995000000 20.3322 24.5523 2.34822 84.167 10.3018 116.747 57.2549 0.787234 90.8154 72.798 -0.447863 86.1144 151.274 0.515166 87.8394 79.4957 0.490353 2.94603 -22.4016 -10.6474 
3560030000000 21.173 25.056 2.495 84.167 10.3018 116.747 57.2549 0.787234 90.8154 72.798 -0.447863 86.1144 151.274 0.515166 89.2311 79.4957 0.490353 2.94603 -20.6836 -10.6474 
3560076000000 21.5934 25.056 2.495 84.167 10.0801 116.747 58.0998 0.787234 90.8154 72.798 -0.447863 86.1144 151.274 0.515166 89.2311 79.4957 0.490353 2.94603 -20.111 -10.6474 
3560092000000 21.5934 25.056 2.495 84.167 10.0801 116.747 58.0998 0.561281 90.8154 72.798 -0.447863 86.1144 151.274 0.515166 89.2311 79.4957 0.490353 2.94603 -20.6836 -10.6474 
3560126000000 22.4341 25.056 2.26091 82.8618 10.0801 116.747 58.0998 0.561281 90.8154 72.798 -0.447863 86.1144 151.274 0.515166 89.2311 79.4957 0.490353 2.94603 -20.111 -10.6474 
3560176000000 22.4341 25.056 2.26091 82.8618 10.0801 116.747 58.0998 0.561281 90.8154 72.798 -0.447863 86.1144 153.085 0.515166 89.2311 79.4957 0.490353 2.94603 -19.5383 -10.6474 
3560207000000 22.4341 25.056 2.26091 82.8618 10.0801 116.747 58.0998 0.561281 90.8154 72.798 -0.447863 86.1144 153.085 0.515166 89.2311 79.4957 0.490353 2.94603 -19.5383 -10.6474 
3560229000000 22.4341 25.056 2.26091 82.8618 10.0801 116.747 58.0998 0.561281 90.8154 72.798 -0.447863 86.1144 153.085 0.515166 89.2311 79.4957 0.490353 2.94603 -19.5383 -10.6474 
3560272000000 22.4341 25.056 2.26091 82.8618 10.0801 116.747 58.0998 0.335328 90.8154 72.798 -0.447863 86.1144 153.085 0.515166 89.2311 79.4957 0.490353 2.94603 -19.5383 -10.6474 
3560290000000 22.4341 25.056 2.26091 82.8618 10.0801 116.747 58.9447 0.335328 90.8154 72.798 -0.447863 86.1144 153.085 0.515166 87.8394 79.4957 0.490353 2.94603 -19.5383 -10.8224 
3560329000000 22.4341 25.056 2.26091 82.8618 10.0801 116.747 58.9447 0.335328 90.8154 72.798 -0.447863 86.1144 153.085 0.515166 87.8394 79.4957 0.490353 2.94603 -19.5383 -10.8224 
3560376000000 22.0137 25.056 2.26091 82.8618 9.85844 116.747 58.9447 0.335328 90.8154 72.798 -0.447863 86.1144 153.085 0.515166 87.8394 79.4957 0.490353 2.94603 -19.5383 -10.8224 
3560396000000 22.0137 25.056 2.26091 82.8618 9.85844 116.747 58.9447 0.335328 90.8154 72.798 -0.447863 86.1144 153.085 0.515166 87.8394 79.4957 0.490353 2.94603 -19.5383 -10.8224 
3560427000000 22.0137 25.056 2.26091 82.8618 9.85844 116.747 58.9447 0.335328 90.8154 72.798 -0.447863 86.1144 153.085 0.515166 87.8394 79.4957 0.490353 2.94603 -18.393 -10.4724 
3560476000000 22.0137 25.056 2.26091 82.8618 9.85844 116.747 58.9447 0.335328 90.8154 72.798 -0.447863 86.1144 153.085 0.515166 87.8394 79.4957 0.490353 2.94603 -18.9656 -10.6474 
3560498000000 22.0137 25.056 2.26091 82.8618 9.85844 116.747 58.9447 0.335328 90.8154 72.798 -0.447863 86.1144 153.085 0.515166 87.8394 79.4957 0.490353 2.94603 -18.9656 -10.6474 
3560528000000 22.0137 25.056 2.26091 82.8618 9.85844 116.747 58.9447 0.335328 90.8154 72.798 -0.447863 86.1144 151.274 0.515166 87.8394 79.4957 0.490353 2.94603 -20.111 -10.4724 
3560577000000 22.0137 25.056 2.26091 82.8618 9.85844 116.747 58.9447 0.335328 90.8154 72.798 -0.447863 86.1144 151.274 0.515166 87.8394 79.4957 0.490353 2.94603 -18.393 -10.4724 
3560600000000 22.0137 25.056 2.26091 82.8618 9.85844 116.747 58.9447 0.335328 90.8154 72.798 -0.447863 86.1144 151.274 0.515166 87.8394 79.4957 0.490353 2.94603 -18.9656 -10.4724 
3560633000000 21.5934 25.056 2.26091 82.8618 9.85844 116.747 58.9447 0.109375 90.8154 72.798 -0.447863 86.1144 151.274 0.515166 87.8394 79.4957 0.490353 2.94603 -18.393 -10.4724 
3560676000000 21.5934 25.056 2.26091 82.8618 9.85844 116.747 58.9447 0.109375 90.8154 72.798 -0.447863 86.1144 151.274 0.515166 87.8394 79.4957 0.490353 2.94603 -18.393 -10.4724 
3560686000000 21.5934 25.056 2.26091 82.8618 9.85844 116.747 58.9447 0.109375 90.8154 72.798 -0.447863 86.1144 151.274 0.515166 87.8394 79.4957 0.490353 2.94603 -18.393 -10.4724 
3560732000000 21.5934 25.056 2.26091 82.8618 9.85844 116.747 58.9447 0.109375 90.8154 72.798 -0.447863 86.1144 151.274 0.515166 86.4477 79.4957 0.490353 2.94603 -19.5383 -10.2975 
3560776000000 21.5934 25.056 2.26091 82.8618 9.85844 116.747 58.9447 0.109375 90.8154 72.798 -0.447863 86.1144 151.274 0.515166 86.4477 79.4957 0.490353 2.94603 -17.8203 -10.1225 
3560804000000 21.5934 25.056 2.26091 82.8618 9.85844 116.747 58.9447 0.109375 90.8154 72.798 -0.447863 86.1144 151.274 0.515166 86.4477 79.4957 0.490353 2.94603 -17.8203 -10.1225 
3560826000000 21.5934 25.056 2.26091 82.8618 9.85844 116.747 58.9447 0.109375 90.8154 73.9684 -0.447863 86.1144 151.274 0.515166 86.4477 80.3478 0.490353 2.94603 -17.8203 -9.94751 
3560879000000 21.5934 25.056 2.26091 82.8618 9.85844 116.747 58.9447 0.109375 90.8154 73.9684 -0.447863 86.1144 151.274 0.515166 86.4477 80.3478 0.490353 2.94603 -17.8203 -9.94751 
3560926000000 21.5934 25.056 2.26091 82.8618 9.85844 116.747 58.9447 0.109375 90.8154 73.9684 -0.447863 86.1144 151.274 0.515166 86.4477 80.3478 0.490353 2.94603 -17.8203 -9.77253 
3560926000000 21.5934 25.056 2.26091 82.8618 9.85844 116.747 58.9447 0.109375 90.8154 73.9684 -0.447863 86.1144 151.274 0.515166 86.4477 80.3478 0.490353 2.94603 -17.8203 -9.77253 
3560976000000 21.5934 25.056 2.26091 82.8618 9.85844 116.747 58.9447 0.109375 90.8154 73.9684 -0.447863 86.1144 151.274 0.515166 86.4477 80.3478 0.490353 2.94603 -17.8203 -9.77253 
3560994000000 21.5934 25.056 2.26091 82.8618 9.63676 116.747 58.9447 0.109375 90.8154 73.9684 -0.447863 86.1144 151.274 0.501789 86.4477 80.3478 0.453449 2.94603 -19.5383 -9.77253 
3561034000000 21.5934 25.056 2.26091 82.8618 9.63676 116.747 58.9447 0.109375 90.8154 73.9684 -0.447863 86.1144 151.274 0.501789 86.4477 80.3478 0.453449 2.94603 -17.8203 -9.77253 
3561076000000 21.5934 25.056 2.26091 82.8618 9.63676 116.747 58.9447 -0.116577 90.8154 73.9684 -0.447863 86.1144 151.274 0.501789 86.4477 80.3478 0.453449 2.94603 -17.8203 -9.77253 
3561085000000 21.5934 25.056 2.26091 82.8618 9.63676 116.747 58.9447 -0.116577 90.8154 73.9684 -0.447863 86.1144 151.274 0.501789 86.4477 80.3478 0.453449 2.94603 -17.8203 -9.59755 
3561126000000 21.5934 25.056 2.26091 82.8618 9.63676 116.747 58.9447 -0.116577 90.8154 73.9684 -0.447863 86.1144 151.274 0.501789 86.4477 80.3478 0.453449 2.94603 -17.8203 -9.59755 
3561176000000 21.5934 25.056 2.26091 82.8618 9.63676 116.747 58.9447 -0.116577 90.8154 73.9684 -0.447863 86.1144 151.274 0.501789 86.4477 80.3478 0.453449 2.94603 -17.8203 -9.59755 
3561191000000 21.5934 25.056 2.26091 82.8618 9.63676 116.747 58.9447 -0.116577 90.8154 73.9684 -0.447863 86.1144 151.274 0.501789 86.4477 80.3478 0.453449 2.94603 -17.8203 -9.59755 
3561227000000 21.5934 25.056 2.26091 82.8618 9.63676 116.747 58.9447 -0.116577 90.8154 73.9684 -0.447863 86.1144 151.274 0.501789 86.4477 80.3478 0.453449 2.94603 -18.9656 -9.24759 
3561276000000 21.5934 25.056 2.26091 82.8618 9.63676 116.747 58.9447 -0.116577 90.8154 73.9684 -0.447863 86.1144 151.274 0.501789 86.4477 80.3478 0.453449 2.94603 -17.8203 -9.24759 
3561291000000 21.5934 25.056 2.26091 82.8618 9.63676 116.747 58.9447 -0.116577 90.8154 73.9684 -0.447863 86.1144 151.274 0.501789 86.4477 80.3478 0.453449 2.94603 -17.2477 -9.24759 
3561358000000 21.5934 25.056 2.26091 82.8618 9.63676 116.747 58.9447 -0.116577 90.8154 73.9684 -0.447863 86.1144 151.274 0.501789 86.4477 80.3478 0.453449 2.94603 -17.8203 -9.24759 
3561376000000 21.5934 25.056 2.26091 82.8618 9.63676 116.747 58.9447 -0.116577 90.8154 73.9684 -0.50575 86.1144 151.274 0.380746 86.4477 80.3478 0.132502 2.94603 -17.8203 -9.24759 
3561398000000 21.5934 25.056 2.26091 82.8618 9.63676 116.747 58.9447 -0.116577 90.8154 73.9684 -0.50575 86.1144 151.274 0.380746 86.4477 80.3478 0.132502 2.94603 -17.8203 -9.24759 
3561427000000 21.5934 25.056 2.26091 82.8618 9.63676 116.747 58.9447 -0.116577 90.8154 73.9684 -0.50575 86.1144 151.274 0.380746 86.4477 80.3478 0.132502 2.94603 -17.8203 -9.24759 
3561477000000 21.5934 25.056 2.26091 82.8618 9.63676 116.747 58.9447 -0.116577 90.8154 73.9684 -0.50575 86.1144 151.274 0.380746 86.4477 80.3478 0.132502 2.94603 -18.9656 -9.24759 
3561506000000 21.5934 24.5523 2.11414 82.8618 9.63676 116.747 58.9447 -0.116577 90.8154 73.9684 -0.50575 86.1144 151.274 0.380746 86.4477 80.3478 0.132502 2.94603 -17.8203 -9.24759 
3561529000000 21.5934 24.5523 2.11414 82.8618 9.63676 116.747 58.9447 -0.116577 91.9905 73.9684 -0.50575 86.1144 151.274 0.380746 86.4477 80.3478 0.132502 2.94603 -17.2477 -9.07262 
3561576000000 21.5934 24.5523 2.11414 82.8618 9.63676 116.747 58.9447 -0.116577 91.9905 73.9684 -0.50575 86.1144 151.274 0.380746 86.4477 80.3478 0.132502 2.94603 -17.2477 -9.07262 
3561600000000 21.5934 24.5523 2.11414 82.8618 9.63676 116.747 58.9447 -0.116577 91.9905 73.9684 -0.50575 86.1144 151.274 0.380746 86.4477 80.3478 0.132502 2.94603 -17.2477 -9.07262 
3561626000000 21.5934 24.5523 2.11414 82.8618 9.63676 116.747 58.9447 -0.116577 91.9905 73.9684 -0.50575 86.1144 151.274 0.380746 86.4477 80.3478 0.132502 2.94603 -17.2477 -9.07262 
3561676000000 21.5934 24.5523 2.11414 82.8618 9.63676 116.747 58.9447 -0.116577 91.9905 73.9684 -0.50575 86.1144 151.274 0.380746 86.4477 80.3478 0.132502 2.94603 -17.2477 -9.42257 
3561698000000 21.5934 25.056 2.26091 82.8618 9.63676 116.747 58.9447 -0.116577 91.9905 73.9684 -0.50575 86.1144 151.274 0.380746 86.4477 80.3478 0.132502 2.94603 -17.2477 -9.42257 
3561741000000 21.5934 25.056 2.26091 82.8618 9.63676 116.747 58.9447 -0.116577 91.9905 73.9684 -0.50575 86.1144 151.274 0.380746 86.4477 80.3478 0.132502 2.94603 -17.2477 -9.42257 
3561778000000 21.5934 25.056 2.26091 82.8618 9.63676 116.747 58.9447 -0.116577 91.9905 73.9684 -0.50575 86.1144 151.274 0.380746 86.4477 80.3478 0.132502 2.94603 -17.2477 -9.59755 
3561807000000 21.5934 25.056 2.26091 82.8618 9.63676 116.747 58.9447 -0.116577 91.9905 73.9684 -0.50575 86.1144 151.274 0.380746 86.4477 80.3478 0.132502 2.94603 -17.2477 -9.42257 
3561830000000 21.5934 25.056 2.26091 82.8618 9.63676 116.747 58.9447 -0.116577 91.9905 73.9684 -0.50575 86.1144 151.274 0.380746 86.4477 80.3478 0.132502 2.94603 -17.2477 -9.42257 
3561876000000 21.5934 25.056 2.26091 82.8618 9.63676 116.747 58.9447 -0.116577 91.9905 73.9684 -0.50575 86.1144 151.274 0.380746 86.4477 80.3478 0.132502 2.94603 -17.2477 -9.42257 
3561908000000 21.5934 25.056 2.26091 82.8618 9.63676 115.443 58.9447 -0.116577 91.9905 73.9684 -0.50575 86.1144 151.274 0.380746 86.4477 80.3478 0.132502 2.94603 -21.2563 -9.42257 
3561940000000 21.5934 25.056 2.26091 82.8618 9.63676 115.443 58.9447 -0.34253 91.9905 73.9684 -0.50575 86.1144 151.274 0.380746 86.4477 80.3478 0.132502 2.94603 -18.9656 -9.42257 
3561976000000 21.5934 25.056 2.26091 82.8618 9.63676 115.443 58.9447 -0.34253 91.9905 73.9684 -0.50575 86.1144 151.274 0.380746 86.4477 80.3478 0.132502 2.94603 -17.2477 -9.42257 
3562002000000 21.5934 25.056 2.26091 82.8618 9.63676 115.443 58.9447 -0.34253 91.9905 73.9684 -0.50575 86.1144 151.274 0.380746 86.4477 80.3478 0.132502 2.94603 -17.2477 -9.42257 
3562029000000 21.5934 25.056 2.26091 82.8618 9.63676 115.443 58.9447 -0.34253 91.9905 73.9684 -0.50575 86.1144 151.274 0.380746 86.4477 80.3478 0.132502 2.94603 -17.2477 -9.42257 
