1336836949177893910 9.19783 5.3643 -12.6908 25.9622 -15.0135 4.12558 0 -2.32553 9.02067 0 -1.26251 0 0 -2.58036 0 0.108139 -7.33894 2.94603 9.66714 -18.1715 
1336836949225348646 9.19783 5.3643 -12.6908 25.9622 -15.0135 4.12558 0 -2.32553 9.02067 0 -1.26251 0 0 -2.58036 0 0.108139 -7.33894 2.94603 9.66714 -18.1715 
1336836949276326974 9.19783 5.3643 -12.6908 25.9622 -15.0135 4.12558 0 -2.32553 9.02067 0 -1.26251 0 0 -2.58036 0 0.108139 -7.33894 2.94603 9.66714 -18.3465 
1336836949325843323 9.19783 5.3643 -12.6908 25.9622 -15.0135 4.12558 0 -2.32553 9.02067 0 -1.16184 0 0 -2.40778 0 0.108139 -6.92855 2.94603 9.66714 -18.3465 
1336836949376347148 9.19783 5.3643 -12.6908 25.9622 -15.0135 4.12558 0 -2.32553 9.02067 0 -1.16184 0 0 -2.40778 0 0.108139 -6.92855 2.94603 9.66714 -18.1715 
1336836949425368383 9.19783 5.3643 -12.6908 25.9622 -15.0135 4.12558 0 -2.32553 9.02067 0 -1.16184 0 0 -2.40778 0 0.108139 -6.92855 2.94603 9.66714 -17.9965 
1336836949476364405 9.19783 5.3643 -12.6908 25.9622 -15.0135 5.34472 0 -2.32553 9.02067 0 -1.16184 0 0 -2.40778 0 0.108139 -6.92855 2.94603 9.66714 -18.1715 
1336836949525375384 9.19783 5.3643 -12.6908 25.9622 -15.0135 5.34472 0 -2.32553 9.02067 0 -1.16184 0 0 -2.40778 0 0.108139 -6.92855 2.94603 9.66714 -18.3465 
1336836949576843100 9.19783 5.3643 -12.6908 25.9622 -15.0135 5.34472 0 -2.32553 9.02067 0 -1.16184 0 0 -2.40778 0 0.108139 -6.92855 2.94603 9.66714 -18.6964 
1336836949626842048 9.19783 5.3643 -12.6908 25.9622 -14.0459 5.34472 0 -2.32553 9.02067 0 -1.16184 0 0 -2.41303 0 0.108139 -6.93913 2.94603 9.66714 -18.8714 
1336836949676858505 9.19783 5.3643 -12.2576 27.7948 -13.562 5.34472 0 -2.32553 9.02067 0 -1.16184 0 0 -2.41303 0 0.108139 -6.93913 2.94603 9.66714 -19.2213 
1336836949725849673 9.19783 5.3643 -11.8243 29.6274 -12.1105 5.34472 0 -2.32553 9.02067 0 -1.16184 0 0 -2.42354 0 0.108139 -6.96029 2.94603 9.66714 -19.5713 
1336836949776366219 8.79439 4.39886 -12.1224 29.6274 -11.6266 5.34472 0 -2.32553 9.02067 0 -1.16184 0 0 -2.42354 0 0.108139 -6.96029 2.94603 10.2398 -19.9213 
1336836949825867008 8.79439 4.39886 -11.9058 30.5438 -11.1428 5.34472 0 -2.83118 9.02067 0 -1.16184 0 0 -2.4288 0 0 -6.97087 2.94603 10.2398 -20.2712 
1336836949876344881 8.79439 3.91614 -11.8382 31.4601 -10.6589 5.34472 0 -3.084 9.02067 0 -1.16184 0 0 -2.43931 0 0 -6.99203 2.94603 10.2398 -20.6212 
1336836949925350352 8.79439 3.43342 -11.5539 33.2927 -9.69125 5.34472 0 -3.33683 9.02067 0 -1.16184 0 0 -2.43931 0 0 -6.99203 2.94603 10.2398 -20.7962 
1336836949976845462 8.79439 2.9507 -10.6198 37.8742 -7.27203 5.34472 0 -4.0953 9.02067 0 -1.06117 0 0 -2.27198 0 0 -6.59222 2.94603 10.2398 -21.3211 
1336836950027358553 8.79439 1.98525 -9.61811 43.3721 -4.85281 2.90644 0 -5.35941 11.3562 0 -1.06117 0 0 -2.27198 0 0 -6.59222 2.94603 10.2398 -21.671 
1336836950076865961 7.98752 1.50253 -8.25071 49.7862 -0.982057 2.90644 0 -6.62353 12.524 0 -1.06117 0 0 -2.27198 0 0 -6.59222 2.94603 9.09449 -22.196 
1336836950126349685 8.39095 2.46797 -6.00293 58.033 4.34023 4.12558 0 -7.88764 16.0274 2.20233 -1.06117 0 0 -2.27198 0 0 -6.59222 2.94603 8.52183 -23.5958 
1336836950175848469 8.39095 2.9507 -4.12082 65.3634 10.6302 6.56386 0 -8.64611 20.6986 7.61019 -0.859821 0 0 -1.92681 0 0 -5.77145 2.94603 7.94918 -25.1706 
1336836950226348222 9.60127 3.91614 -2.52293 70.8613 15.9525 9.00213 1.04838 -9.15176 24.2019 9.77335 -0.859821 0 0 -1.92681 0 0 -5.77145 2.94603 7.37652 -26.5704 
1336836950275346191 10.4081 4.88158 -1.14168 75.4428 20.7909 12.6596 2.59148 -9.65741 28.8731 11.9365 -0.759146 0 0 -1.75422 0 0 -5.36106 2.94603 6.80387 -27.2703 
1336836950325718781 10.8116 5.84703 -0.193691 78.1918 24.6617 19.9744 6.44925 -9.40458 33.5442 14.0996 -0.658473 0.247159 0 -1.58689 0 0 -4.96125 2.94603 5.0859 -27.2703 
1336836950375366043 11.215 6.81247 0.537661 80.0244 28.0486 24.8509 10.307 -9.40458 38.2154 15.1812 -0.557799 2.97621 0 -1.4143 0 0 -4.55086 2.94603 5.0859 -27.2703 
1336836950426372666 12.8288 8.74336 1.35046 80.9407 30.9517 32.1658 14.9363 -8.39329 44.0543 18.4259 0.0462426 13.8924 0 -0.363016 0 0 -2.05681 2.94603 2.79527 -26.3955 
1336836950475368650 14.4425 10.1915 1.79759 80.9407 32.4032 39.4806 18.7941 -8.39329 48.7255 20.5891 0.448937 19.3505 0 0.337842 0 0 -0.394101 2.94603 2.22262 -26.3955 
1336836950525370519 17.67 11.157 1.87904 80.0244 33.3709 46.7954 24.9665 -7.88764 52.2289 23.8338 0.851631 27.5376 0.358034 1.03344 0 0 1.25802 2.94603 1.07731 -26.0455 
1336836950575847902 18.8803 12.1224 1.9605 79.1081 34.3386 52.8911 26.5096 -6.87635 58.0678 25.9969 1.25433 35.7248 2.17178 1.72905 0 0 2.91015 2.94603 0.504653 -26.0455 
1336836950626413692 19.6872 13.0879 2.04195 78.1918 34.8224 56.5485 26.5096 -6.62353 60.4034 25.9969 1.355 41.1829 2.17178 1.90689 0 0 3.33112 2.94603 0.504653 -26.2205 
1336836950675854244 19.6872 13.0879 2.25858 79.1081 34.8224 57.7677 25.7381 -7.12917 61.5712 24.9154 1.25433 41.1829 0.358034 1.73956 0 0 2.93131 2.94603 0.504653 -26.9204 
1336836950726320872 19.6872 13.0879 2.04195 78.1918 35.3063 60.206 26.5096 -7.12917 65.0745 25.9969 1.355 46.641 2.17178 1.91214 0 0 3.34169 2.94603 0.504653 -27.0954 
1336836950775830756 19.6872 13.0879 1.60868 76.3591 35.7901 60.206 27.2812 -6.87635 67.4101 27.0785 1.55635 52.0991 2.17178 2.25732 0 0 4.16247 2.94603 0.504653 -27.4453 
1336836950826864617 19.6872 13.0879 1.60868 76.3591 36.274 61.4251 28.0527 -7.12917 66.2423 27.0785 1.355 49.37 2.17178 1.91214 0 0 3.34169 2.94603 0.504653 -27.4453 
1336836950876353486 19.6872 13.0879 1.39205 75.4428 36.274 61.4251 29.5958 -7.12917 66.2423 28.1601 1.355 49.37 2.17178 1.91214 0 0 3.34169 2.94603 0.504653 -27.4453 
1336836950925867194 19.6872 13.0879 1.39205 75.4428 35.7901 61.4251 30.3674 -6.87635 65.0745 29.2416 1.355 46.641 2.17178 1.91214 0 0 3.34169 2.94603 0.504653 -27.4453 
1336836950976358683 19.6872 13.0879 1.39205 75.4428 35.7901 61.4251 29.5958 -6.87635 65.0745 28.1601 1.355 49.37 2.17178 1.91214 0 0 3.34169 2.94603 -0.0680022 -27.4453 
1336836951026368288 19.6872 13.0879 1.39205 75.4428 35.3063 61.4251 29.5958 -7.12917 65.0745 28.1601 1.355 46.641 2.17178 1.91214 0 0 3.34169 2.94603 -0.0680022 -27.4453 
1336836951076854064 18.8803 13.0879 1.39205 75.4428 34.8224 58.9868 28.8243 -7.12917 65.0745 28.1601 1.355 46.641 3.98553 1.90689 0 0 3.33112 2.94603 -0.0680022 -27.7953 
1336836951141801912 18.4769 13.0879 1.39205 75.4428 33.8547 58.9868 28.8243 -7.12917 62.739 28.1601 1.355 46.641 3.98553 1.90689 0 0 3.33112 2.94603 -0.0680022 -27.9703 
1336836951181689854 18.0734 13.0879 1.39205 75.4428 33.8547 58.9868 28.8243 -7.12917 62.739 28.1601 1.45567 46.641 3.98553 2.07947 0 0 3.7415 2.94603 -0.0680022 -27.9703 
1336836951227371217 18.0734 13.0879 1.39205 75.4428 33.3709 58.9868 28.8243 -7.12917 62.739 28.1601 1.45567 46.641 3.98553 2.07947 0 0 3.7415 2.94603 -0.0680022 -27.9703 
1336836951276884767 18.0734 13.0879 1.39205 75.4428 32.8871 58.9868 28.8243 -7.12917 62.739 28.1601 1.45567 46.641 3.98553 2.07947 0 0 3.7415 2.94603 0.504653 -27.9703 
1336836951326347597 18.0734 13.0879 1.39205 75.4428 32.4032 58.9868 28.8243 -7.12917 62.739 28.1601 1.45567 46.641 3.98553 2.07947 0 0 3.7415 2.94603 0.504653 -27.6203 
1336836951376435189 18.0734 13.0879 1.39205 75.4428 32.4032 58.9868 28.8243 -7.12917 62.739 28.1601 1.45567 46.641 3.98553 2.07947 0 0 3.7415 2.94603 0.504653 -27.4453 
1336836951426376659 17.2666 13.0879 1.39205 75.4428 32.4032 58.9868 29.5958 -7.12917 62.739 28.1601 1.45567 46.641 3.98553 2.07947 0 0 3.7415 2.94603 0.504653 -27.2703 
1336836951491795743 17.2666 13.0879 1.39205 75.4428 32.4032 58.9868 29.5958 -7.12917 60.4034 28.1601 1.45567 46.641 3.98553 2.07947 0 0 3.7415 2.94603 0.504653 -27.2703 
1336836951531690686 17.2666 13.0879 1.39205 75.4428 32.4032 58.9868 29.5958 -7.12917 61.5712 28.1601 1.45567 46.641 3.98553 2.07947 0 0 3.7415 2.94603 0.504653 -27.2703 
1336836951576875852 16.8631 13.0879 1.60868 76.3591 32.4032 58.9868 29.5958 -7.12917 60.4034 28.1601 1.45567 43.9119 3.98553 2.07947 0 0 3.7415 2.94603 0.504653 -27.2703 
1336836951626871580 16.8631 13.0879 1.60868 76.3591 32.4032 57.7677 29.5958 -7.12917 61.5712 28.1601 1.55635 43.9119 3.98553 2.25206 0 0 4.15189 2.94603 0.504653 -27.2703 
1336836951675863376 16.8631 13.0879 1.60868 76.3591 32.4032 57.7677 29.5958 -7.12917 61.5712 28.1601 1.55635 43.9119 3.98553 2.25206 0 0 4.15189 2.94603 0.504653 -26.9204 
1336836951726372972 16.8631 13.0879 1.60868 76.3591 32.4032 57.7677 29.5958 -7.12917 61.5712 28.1601 1.55635 43.9119 3.98553 2.25206 0 0 4.15189 2.94603 0.504653 -26.9204 
1336836951776364107 16.8631 13.0879 1.60868 76.3591 32.4032 57.7677 31.1389 -6.87635 61.5712 28.1601 1.55635 43.9119 3.98553 2.25206 0 0 4.15189 2.94603 0.504653 -26.7454 
1336836951826377593 16.8631 13.0879 1.60868 76.3591 32.4032 57.7677 31.1389 -6.87635 61.5712 28.1601 1.55635 43.9119 3.98553 2.24681 0 0 4.14131 2.94603 0.504653 -26.9204 
1336836951876882139 16.8631 13.0879 1.60868 76.3591 32.4032 57.7677 31.1389 -6.87635 61.5712 28.1601 1.55635 43.9119 3.98553 2.24681 0 0 4.14131 2.94603 0.504653 -27.0954 
1336836951926377014 16.8631 13.0879 1.60868 76.3591 32.4032 56.5485 31.1389 -6.87635 61.5712 28.1601 1.55635 43.9119 3.98553 2.24681 0 0 4.14131 2.94603 0.504653 -27.0954 
1336836951975416374 16.4597 13.0879 1.60868 76.3591 32.4032 56.5485 31.1389 -6.87635 60.4034 28.1601 1.65702 43.9119 3.98553 2.41939 0 0 4.5517 2.94603 0.504653 -27.0954 
1336836952030808975 16.4597 13.0879 1.60868 76.3591 32.4032 56.5485 31.1389 -6.87635 60.4034 28.1601 1.65702 43.9119 3.98553 2.41939 0 0 4.5517 2.94603 0.504653 -27.0954 
