#time#THJ1#THJ2#THJ3#THJ4#THJ5#FFJ0#FFJ3#FFJ4#MFJ0#MFJ3#MFJ4#RFJ0#RFJ3#RFJ4#LFJ0#LFJ3#LFJ4#LFJ5#WRJ1#WRJ2
14545374000000 32.5972 34.8103 -6.63212 13.1339 -12.1105 139.45 95.1779 3.48941 122.296 89.8097 1.25433 237.674 161.782 1.57137 168.179 74.9847 2.59277 2.94603 -0.640658 -2.24847 
14545419000000 32.5972 34.8103 -6.63212 13.1339 -12.1105 139.45 95.1779 3.48941 122.296 89.8097 1.25433 237.674 161.782 1.57137 168.179 74.9847 2.59277 2.94603 -1.78597 -1.89851 
14545459000000 32.5972 34.8103 -6.63212 13.1339 -12.1105 139.45 95.1779 3.48941 122.296 89.8097 1.15365 237.674 161.782 1.39878 168.179 74.9847 2.18238 2.94603 -0.640658 -1.89851 
14545498000000 32.5972 34.8103 -6.63212 13.1339 -12.1105 139.45 95.1779 3.48941 122.296 89.8097 1.15365 237.674 161.782 1.39878 168.179 74.9847 2.18238 2.94603 -0.640658 -1.89851 
14545534000000 32.5972 34.8103 -6.63212 13.1339 -10.6589 139.45 95.1779 3.48941 122.296 89.8097 1.15365 237.674 161.782 1.39878 168.179 74.9847 2.18238 2.94603 -0.640658 -1.89851 
14545572000000 32.5972 34.8103 -6.63212 13.1339 -10.6589 139.45 95.1779 3.23658 122.296 89.8097 1.15365 237.674 161.782 1.39878 168.179 74.9847 2.18238 2.94603 -0.640658 -1.89851 
14545613000000 32.1937 34.8103 -6.63212 13.1339 -10.6589 139.45 94.4063 3.23658 122.296 89.8097 1.15365 237.674 161.782 1.39878 168.179 74.1527 2.18238 2.94603 -0.640658 -1.54856 
14545643000000 32.1937 34.3276 -6.78116 13.1339 -10.6589 139.45 94.4063 3.23658 122.296 89.8097 1.15365 237.674 159.968 1.39878 168.179 74.1527 2.18238 2.94603 -0.640658 -1.54856 
14545673000000 32.1937 34.3276 -6.56453 14.0502 -10.6589 139.45 94.4063 3.23658 122.296 89.8097 1.15365 237.674 159.968 1.39878 166.749 74.1527 2.18238 2.94603 -0.640658 -1.54856 
14545703000000 32.1937 34.3276 -6.56453 14.0502 -10.6589 139.45 94.4063 3.23658 122.296 89.8097 1.15365 237.674 159.968 1.39878 166.749 74.1527 2.18238 2.94603 -0.640658 -1.54856 
14545741000000 32.1937 34.3276 -6.56453 14.0502 -10.6589 139.45 94.4063 3.23658 122.296 89.8097 1.15365 237.674 159.968 1.39353 166.749 74.1527 2.1718 2.94603 -0.640658 -1.54856 
14545771000000 32.1937 34.3276 -6.56453 14.0502 -10.6589 139.45 94.4063 3.23658 122.296 89.8097 1.15365 237.674 159.968 1.39353 166.749 74.1527 2.1718 2.94603 -0.640658 -1.54856 
14545807000000 32.1937 34.3276 -6.56453 14.0502 -10.6589 139.45 94.4063 3.23658 122.296 89.8097 1.15365 237.674 159.968 1.39353 166.749 74.1527 2.1718 2.94603 -0.640658 -1.54856 
14545844000000 32.1937 34.3276 -6.56453 14.0502 -10.6589 139.45 94.4063 3.23658 122.296 89.8097 1.15365 237.674 159.968 1.39353 166.749 74.1527 2.1718 2.94603 -0.640658 -1.54856 
14545886000000 32.1937 34.3276 -6.56453 14.0502 -10.6589 139.45 94.4063 3.23658 122.296 90.8913 1.15365 237.674 159.968 1.39353 166.749 74.1527 2.1718 2.94603 -1.78597 -1.89851 
14545923000000 32.1937 34.3276 -6.56453 14.0502 -10.6589 139.45 94.4063 3.23658 122.296 90.8913 1.15365 237.674 159.968 1.39353 166.749 74.1527 2.1718 2.94603 -0.640658 -1.89851 
14545969000000 32.5972 34.3276 -6.56453 14.0502 -10.6589 139.45 94.4063 3.23658 122.296 90.8913 1.15365 237.674 159.968 1.39353 166.749 74.1527 2.1718 2.94603 -1.78597 -2.07349 
14546008000000 32.5972 34.3276 -6.56453 14.0502 -10.6589 139.45 94.4063 3.23658 122.296 90.8913 1.15365 237.674 159.968 1.39353 166.749 74.1527 2.1718 2.94603 -0.640658 -2.07349 
14546048000000 32.5972 34.3276 -6.34789 14.9665 -10.6589 139.45 94.4063 3.23658 122.296 90.8913 1.15365 237.674 159.968 1.39353 166.749 74.1527 2.1718 2.94603 -1.21332 -2.07349 
14546089000000 32.5972 34.3276 -6.34789 14.9665 -10.6589 139.45 94.4063 3.23658 122.296 90.8913 1.15365 237.674 159.968 1.39353 166.749 74.1527 2.1718 2.94603 -1.21332 -2.07349 
14546128000000 32.5972 34.3276 -6.34789 14.9665 -10.6589 139.45 94.4063 3.23658 122.296 90.8913 1.15365 237.674 159.968 1.39353 166.749 74.1527 2.1718 2.94603 -0.640658 -2.07349 
14546168000000 31.7903 33.3622 -6.21271 16.7992 -7.75587 137.012 91.3201 3.23658 124.632 90.8913 1.15365 243.132 156.341 1.39353 163.888 72.4888 2.1718 2.94603 -1.78597 -1.89851 
14546208000000 29.7731 30.9486 -6.52466 18.6318 -5.8205 128.478 84.3761 3.23658 121.128 87.6466 0.851631 229.487 149.086 0.875767 158.166 69.9929 0.940642 2.94603 -2.35863 -2.7734 
14546249000000 27.7559 25.6386 -7.29759 22.297 -6.78819 119.944 73.5744 2.98375 114.122 80.0756 0.146916 215.842 134.576 -0.300803 149.583 66.6651 -1.86859 2.94603 -0.640658 -3.64829 
14546288000000 24.9319 21.2941 -7.33917 27.7948 -6.78819 105.314 62.0011 2.47811 102.444 69.2598 -0.960494 196.739 123.693 -2.16772 138.139 64.1692 -6.31936 2.94603 -0.0680022 -4.52318 
14546328000000 22.5113 17.9151 -6.86604 34.209 -4.36897 80.9313 47.3416 -1.31424 84.9269 59.5257 -2.36992 166.719 114.624 -4.54714 125.264 61.6733 -11.9907 2.94603 1.64996 -5.39808 
14546368000000 19.6872 14.536 -6.82617 38.7905 -2.43359 38.2615 35.7683 -5.61223 62.739 50.8731 -3.27599 136.7 103.742 -6.06363 112.39 58.3455 -15.6101 2.94603 3.36793 -6.44794 
14546369000000 16.8631 13.0879 -6.40676 42.4558 -0.0143647 19.9744 27.2812 -8.64611 51.0611 42.2205 -3.67868 117.596 89.2318 -6.7277 100.946 55.0176 -17.1988 2.94603 5.0859 -7.67279 
14546408000000 12.8288 11.6397 -5.77072 47.0373 1.43717 11.4404 11.0786 -11.9328 42.8865 29.2416 -4.28272 109.409 67.4668 -7.73694 92.3628 48.3619 -19.6082 2.94603 6.23121 -8.72266 
14546429000000 11.6185 11.157 -5.26986 49.7862 1.92101 7.78299 4.13459 -13.4498 40.551 21.6706 -4.88677 109.409 63.8393 -8.7672 92.3628 47.53 -22.06 2.94603 8.52183 -8.89764 
14546468000000 10.4081 11.157 -4.8366 51.6188 2.8887 5.34472 1.81993 -14.461 40.551 20.5891 -5.08811 109.409 65.653 -9.11763 93.7933 47.53 -22.8913 2.94603 9.09449 -8.72266 
14546504000000 9.60127 11.157 -4.61996 52.5351 3.85639 5.34472 0 -15.2195 40.551 19.5075 -5.39013 109.409 67.4668 -9.63539 93.7933 48.3619 -24.1225 2.94603 10.2398 -8.54768 
14546539000000 8.79439 11.157 -4.1867 54.3678 5.30792 5.34472 0 -16.2308 40.551 14.0996 -5.99418 109.409 69.2805 -10.6709 95.2238 48.3619 -25 2.94603 11.3851 -8.19773 
14546584000000 7.98752 11.157 -4.1867 54.3678 6.27561 9.00213 0 -16.9893 42.8865 14.0996 -6.39687 114.867 76.5355 -11.3718 99.5153 50.8578 -25 2.94603 11.3851 -7.67279 
14546628000000 7.58408 11.157 -4.1867 54.3678 6.75945 12.6596 0 -17.7478 45.2221 17.3443 -6.59822 117.596 81.9768 -11.7275 100.946 52.5217 -25 2.94603 13.6757 -7.14786 
14546669000000 7.98752 12.6051 -3.73957 54.3678 6.75945 15.0978 0 -18.2534 48.7255 19.5075 -6.59822 120.325 87.418 -11.7327 102.376 54.1857 -25 2.94603 15.3937 -6.44794 
14546708000000 8.39095 13.0879 -4.24043 51.6188 6.75945 18.7552 0 -18.5062 53.3966 24.9154 -6.19552 125.783 92.8593 -11.0581 106.668 55.8496 -25 2.94603 16.539 -5.74803 
14546748000000 9.19783 14.0533 -4.59224 48.8699 6.75945 22.4127 0 -18.2534 58.0678 33.5679 -5.69216 131.241 100.114 -10.211 109.529 57.5135 -25 2.94603 17.6843 -5.57305 
14546795000000 12.0219 16.9496 -4.56452 45.2047 6.75945 40.6997 1.81993 -18.0006 72.0813 40.0574 -5.49081 144.887 109.183 -9.88156 119.542 60.0094 -24.681 2.94603 17.6843 -4.69816 
14546834000000 12.4253 19.3632 -4.25257 43.3721 5.79176 49.2337 5.6777 -16.9893 79.088 44.3837 -5.18879 153.074 114.624 -9.37431 123.834 61.6733 -23.471 2.94603 17.6843 -4.52318 
14546877000000 12.4253 22.7423 -4.07581 39.7068 6.27561 56.5485 7.99236 -16.4836 82.5914 47.6284 -4.98744 155.803 120.066 -9.03439 125.264 62.5053 -22.6608 2.94603 17.6843 -4.52318 
14546918000000 12.4253 25.6386 -4.04809 36.0416 5.79176 66.3017 10.307 -15.7252 87.2625 50.8731 -4.68542 161.261 123.693 -8.52189 129.556 63.3372 -21.4402 2.94603 16.539 -3.82327 
14546958000000 13.2322 29.9831 -4.65641 27.7948 4.34023 89.4653 16.4794 -12.9441 95.4371 55.1994 -4.28272 177.635 129.134 -7.84206 136.708 65.0012 -19.8198 2.94603 13.6757 -3.12336 
14546996000000 13.2322 30.9486 -5.22486 24.1296 2.8887 95.561 19.5657 -10.9215 97.7726 55.1994 -4.08138 183.093 130.948 -7.50214 138.139 65.8331 -19.0096 2.94603 13.1031 -3.12336 
14547038000000 13.2322 33.3622 -5.34618 20.4644 0.953324 99.2184 21.1088 -9.15176 100.108 57.3625 -3.88003 191.28 134.576 -7.16222 139.569 65.8331 -18.1994 2.94603 13.1031 -3.12336 
14547078000000 13.2322 34.3276 -5.48136 18.6318 -0.498213 101.657 21.1088 -8.39329 101.276 58.4441 -3.77936 194.01 134.576 -6.99489 139.569 66.6651 -17.7996 2.94603 13.1031 -3.12336 
14547118000000 13.2322 34.8103 -5.54895 17.7155 -0.982057 102.876 21.1088 -8.14047 101.276 58.4441 -3.77936 196.739 134.576 -6.99489 139.569 66.6651 -17.7996 2.94603 13.1031 -3.12336 
14547158000000 13.2322 35.7758 -5.4675 16.7992 -1.4659 104.095 21.1088 -8.14047 101.276 58.4441 -3.77936 196.739 134.576 -6.99489 139.569 65.8331 -17.7996 2.94603 11.3851 -3.12336 
14547198000000 12.4253 35.7758 -5.4675 16.7992 -1.94974 105.314 21.1088 -8.14047 101.276 58.4441 -3.77936 196.739 134.576 -6.99489 139.569 65.8331 -17.7996 2.94603 13.1031 -3.12336 
14547238000000 12.4253 36.2585 -5.31846 16.7992 -1.94974 105.314 21.1088 -8.14047 101.276 58.4441 -3.77936 196.739 134.576 -6.99489 139.569 65.8331 -17.7996 2.94603 13.1031 -3.12336 
14547279000000 12.8288 36.2585 -5.31846 16.7992 -2.43359 105.314 21.1088 -8.14047 101.276 58.4441 -3.77936 196.739 134.576 -6.99489 139.569 65.8331 -17.7996 2.94603 12.5304 -3.12336 
14547280000000 12.8288 36.2585 -5.31846 16.7992 -2.43359 105.314 21.1088 -8.14047 101.276 58.4441 -3.77936 196.739 134.576 -6.99489 141 65.8331 -17.7996 2.94603 12.5304 -3.12336 
14547318000000 12.8288 36.2585 -5.53509 15.8828 -2.43359 105.314 21.1088 -7.88764 101.276 58.4441 -3.67868 199.468 134.576 -6.8223 141 65.8331 -17.3892 2.94603 11.3851 -3.12336 
14547320000000 12.8288 36.2585 -5.53509 15.8828 -2.43359 105.314 21.1088 -7.88764 102.444 58.4441 -3.67868 199.468 134.576 -6.8223 141 65.8331 -17.3892 2.94603 12.5304 -2.94838 
14547359000000 12.8288 36.2585 -5.53509 15.8828 -2.43359 105.314 21.1088 -7.88764 102.444 58.4441 -3.67868 199.468 134.576 -6.8223 141 65.8331 -17.3892 2.94603 12.5304 -2.94838 
14547408000000 12.8288 36.2585 -5.53509 15.8828 -2.43359 105.314 21.1088 -7.88764 102.444 58.4441 -3.67868 199.468 134.576 -6.8223 141 65.8331 -17.3892 2.94603 12.5304 -2.94838 
14547459000000 12.8288 36.2585 -5.53509 15.8828 -2.43359 105.314 21.1088 -7.88764 102.444 58.4441 -3.67868 199.468 134.576 -6.82756 141 65.8331 -17.3998 2.94603 12.5304 -2.94838 
14547499000000 12.8288 36.2585 -5.53509 15.8828 -2.43359 105.314 21.1088 -7.88764 102.444 58.4441 -3.67868 199.468 134.576 -6.82756 141 65.8331 -17.3998 2.94603 12.5304 -2.94838 
14547538000000 12.8288 36.2585 -5.53509 15.8828 -2.91743 105.314 21.1088 -7.88764 102.444 58.4441 -3.67868 199.468 134.576 -6.82756 141 65.8331 -17.3998 2.94603 12.5304 -2.94838 
14547578000000 12.8288 36.2585 -5.53509 15.8828 -2.91743 105.314 21.8803 -7.88764 102.444 58.4441 -3.67868 199.468 134.576 -6.82756 141 65.8331 -17.3998 2.94603 12.5304 -2.94838 
14547619000000 12.8288 36.2585 -5.53509 15.8828 -2.91743 105.314 21.8803 -7.88764 102.444 58.4441 -3.67868 199.468 134.576 -6.82756 141 65.8331 -17.3998 2.94603 12.5304 -2.94838 
14547656000000 12.8288 36.2585 -5.53509 15.8828 -2.91743 105.314 21.8803 -7.88764 102.444 58.4441 -3.67868 199.468 134.576 -6.82756 141 65.8331 -17.3998 2.94603 12.5304 -2.94838 
14547701000000 12.8288 36.2585 -5.10182 17.7155 -2.91743 104.095 21.8803 -7.88764 102.444 58.4441 -3.67868 199.468 132.762 -6.82756 141 65.8331 -17.3998 2.94603 13.1031 -2.59843 
14547739000000 12.8288 36.2585 -5.10182 17.7155 -2.91743 104.095 21.8803 -7.88764 102.444 58.4441 -3.67868 199.468 132.762 -6.82756 141 65.8331 -17.3998 2.94603 13.1031 -2.7734 
14547777000000 12.8288 36.2585 -5.10182 17.7155 -2.91743 104.095 21.8803 -7.88764 102.444 58.4441 -3.67868 199.468 132.762 -6.82756 141 65.8331 -17.3998 2.94603 11.9578 -2.7734 
14547818000000 12.8288 35.7758 -5.25087 17.7155 -2.91743 104.095 21.8803 -7.88764 102.444 58.4441 -3.67868 199.468 132.762 -6.82756 141 65.8331 -17.3998 2.94603 13.1031 -2.7734 
14547857000000 12.8288 35.7758 -5.25087 17.7155 -2.43359 104.095 21.8803 -7.88764 102.444 58.4441 -3.67868 199.468 132.762 -6.82756 141 65.8331 -17.3998 2.94603 13.1031 -2.7734 
14547909000000 12.8288 35.7758 -5.25087 17.7155 -2.43359 104.095 21.8803 -7.88764 102.444 57.3625 -3.67868 199.468 132.762 -6.82756 141 65.8331 -17.3998 2.94603 13.1031 -2.7734 
14547948000000 12.8288 35.7758 -5.25087 17.7155 -2.43359 104.095 21.8803 -7.88764 102.444 57.3625 -3.67868 199.468 132.762 -6.82756 141 65.8331 -17.3998 2.94603 13.1031 -2.7734 
14547988000000 12.8288 35.7758 -5.25087 17.7155 -2.43359 104.095 21.8803 -7.88764 101.276 57.3625 -3.67868 199.468 132.762 -6.82756 141 65.0012 -17.3998 2.94603 13.1031 -2.59843 
14548028000000 13.2322 35.7758 -5.25087 17.7155 -2.43359 104.095 21.8803 -7.88764 101.276 57.3625 -3.67868 199.468 132.762 -6.82756 141 65.0012 -17.3998 2.94603 13.1031 -2.59843 
14548068000000 13.2322 35.7758 -5.25087 17.7155 -2.43359 104.095 21.8803 -7.88764 101.276 57.3625 -3.67868 199.468 132.762 -6.82756 141 65.0012 -17.3998 2.94603 13.1031 -2.59843 
14548109000000 13.2322 35.7758 -5.25087 17.7155 -1.4659 104.095 21.8803 -7.88764 101.276 57.3625 -3.67868 199.468 132.762 -6.82756 141 65.0012 -17.3998 2.94603 13.1031 -2.59843 
14548148000000 13.2322 35.7758 -5.25087 17.7155 -1.4659 104.095 21.8803 -7.88764 101.276 57.3625 -3.67868 199.468 132.762 -6.82756 141 65.0012 -17.3998 2.94603 13.1031 -2.59843 
14548188000000 13.2322 35.7758 -5.25087 17.7155 -1.4659 104.095 21.8803 -7.88764 101.276 57.3625 -3.67868 199.468 132.762 -6.82756 141 65.0012 -17.3998 2.94603 13.1031 -2.59843 
14548228000000 13.2322 35.7758 -5.25087 17.7155 -1.4659 104.095 21.8803 -7.63482 101.276 57.3625 -3.67868 199.468 132.762 -6.82756 141 65.0012 -17.3998 2.94603 13.1031 -2.59843 
14548267000000 13.2322 35.2931 -5.39991 17.7155 -1.4659 102.876 21.8803 -7.63482 101.276 57.3625 -3.67868 199.468 132.762 -6.82756 141 65.0012 -17.3998 2.94603 13.1031 -2.59843 
14548268000000 13.2322 35.2931 -5.39991 17.7155 -1.4659 102.876 21.8803 -7.63482 101.276 57.3625 -3.67868 199.468 132.762 -6.82756 141 65.0012 -17.3998 2.94603 13.1031 -2.59843 
14548306000000 13.2322 35.2931 -5.39991 17.7155 -1.4659 102.876 21.8803 -7.63482 101.276 57.3625 -3.67868 199.468 130.948 -6.82756 141 65.0012 -17.3998 2.94603 13.1031 -2.59843 
14548318000000 13.2322 35.2931 -5.39991 17.7155 -1.4659 102.876 21.8803 -7.63482 101.276 57.3625 -3.67868 199.468 130.948 -6.82756 141 65.0012 -17.3998 2.94603 13.1031 -2.59843 
14548358000000 13.2322 35.2931 -5.39991 17.7155 -1.4659 102.876 21.8803 -7.63482 102.444 57.3625 -3.67868 199.468 130.948 -6.82756 141 65.0012 -17.3998 2.94603 13.1031 -2.59843 
14548399000000 13.2322 35.2931 -5.39991 17.7155 -1.4659 102.876 21.8803 -7.63482 102.444 57.3625 -3.67868 199.468 130.948 -6.82756 141 65.0012 -17.3998 2.94603 13.1031 -2.59843 
14548439000000 13.2322 35.2931 -5.39991 17.7155 -1.4659 102.876 21.8803 -7.63482 102.444 56.281 -3.67868 199.468 130.948 -6.82756 141 65.0012 -17.3998 2.94603 13.1031 -2.59843 
14548479000000 13.2322 35.2931 -5.39991 17.7155 -1.4659 102.876 21.8803 -7.63482 102.444 56.281 -3.67868 199.468 130.948 -6.83281 141 65.0012 -17.4104 2.94603 13.1031 -2.59843 
14548518000000 13.2322 35.2931 -5.39991 17.7155 -1.4659 102.876 21.8803 -7.63482 102.444 56.281 -3.67868 199.468 130.948 -6.83281 141 65.0012 -17.4104 2.94603 13.1031 -2.59843 
14548558000000 13.2322 35.2931 -5.39991 17.7155 -1.4659 102.876 21.8803 -7.63482 102.444 56.281 -3.67868 199.468 130.948 -6.83281 141 65.0012 -17.4104 2.94603 11.9578 -2.59843 
14548599000000 13.2322 35.2931 -5.39991 17.7155 -1.4659 102.876 21.8803 -7.63482 102.444 56.281 -3.67868 199.468 130.948 -6.83281 141 65.0012 -17.4104 2.94603 13.1031 -2.59843 
14548638000000 13.2322 35.2931 -5.39991 17.7155 -2.43359 102.876 21.8803 -7.63482 102.444 56.281 -3.67868 199.468 130.948 -6.83281 141 65.0012 -17.4104 2.94603 13.1031 -2.59843 
14548677000000 13.2322 35.2931 -5.39991 17.7155 -2.43359 102.876 21.8803 -7.63482 102.444 56.281 -3.67868 199.468 130.948 -6.83281 141 65.0012 -17.4104 2.94603 13.1031 -2.59843 
14548718000000 13.2322 35.2931 -5.39991 17.7155 -2.43359 102.876 21.8803 -7.63482 102.444 56.281 -3.67868 199.468 130.948 -6.83281 141 65.0012 -17.4104 2.94603 13.1031 -2.59843 
14548718000000 13.2322 35.2931 -5.39991 17.7155 -2.43359 102.876 22.6519 -7.63482 102.444 56.281 -3.67868 199.468 130.948 -6.83281 141 65.0012 -17.4104 2.94603 13.1031 -2.59843 
14548758000000 13.2322 35.2931 -5.39991 17.7155 -2.43359 102.876 22.6519 -7.63482 102.444 57.3625 -3.67868 199.468 130.948 -6.83281 141 65.0012 -17.4104 2.94603 13.1031 -2.59843 
