#time#THJ1#THJ2#THJ3#THJ4#THJ5#FFJ0#FFJ3#FFJ4#MFJ0#MFJ3#MFJ4#RFJ0#RFJ3#RFJ4#LFJ0#LFJ3#LFJ4#LFJ5#WRJ1#WRJ2
1338208253644831135 15.6528 17.9151 -6.43277 36.0416 5.79176 107.752 55.0571 1.21399 84.9269 48.71 1.95904 183.093 105.556 2.73218 152.444 60.8413 5.37026 2.94603 -9.23049 1.77603 
1338208253688781303 16.0563 17.9151 -6.43277 36.0416 5.79176 107.752 55.0571 0.96117 84.9269 48.71 1.95904 183.093 103.742 2.73218 152.444 60.8413 5.37026 2.94603 -11.5211 1.77603 
1338208253723745192 15.6528 17.9151 -6.43277 36.0416 5.79176 107.752 55.0571 0.96117 84.9269 48.71 1.95904 183.093 103.742 2.73218 152.444 60.8413 5.37026 2.94603 -9.23049 1.77603 
1338208253768875793 15.6528 17.9151 -6.43277 36.0416 5.79176 107.752 55.0571 0.96117 84.9269 48.71 1.95904 183.093 103.742 2.73218 152.444 60.8413 5.37026 2.94603 -10.3758 1.77603 
1338208253803248565 15.6528 17.9151 -6.43277 36.0416 5.79176 107.752 55.0571 0.96117 84.9269 48.71 1.95904 183.093 103.742 2.73218 152.444 60.8413 5.37026 2.94603 -9.23049 1.77603 
1338208253833060905 15.6528 17.9151 -6.43277 36.0416 5.79176 107.752 55.0571 0.96117 84.9269 48.71 1.95904 183.093 103.742 2.73218 152.444 60.8413 5.37026 2.94603 -9.23049 1.77603 
1338208253873616736 15.6528 17.9151 -6.43277 36.0416 5.79176 107.752 55.0571 0.96117 84.9269 48.71 1.95904 183.093 105.556 2.73218 152.444 60.8413 5.37026 2.94603 -9.23049 1.60105 
1338208253903640545 15.6528 17.9151 -6.43277 36.0416 5.79176 107.752 55.0571 0.96117 84.9269 48.71 1.95904 183.093 105.556 2.73218 152.444 60.8413 5.37026 2.94603 -9.23049 1.60105 
1338208253933614484 15.6528 17.9151 -6.43277 36.0416 5.79176 107.752 55.0571 0.96117 84.9269 48.71 1.95904 183.093 105.556 2.73218 152.444 60.8413 5.37026 2.94603 -9.23049 1.60105 
1338208253964155276 15.6528 17.9151 -6.43277 36.0416 5.79176 107.752 55.0571 0.96117 84.9269 48.71 1.95904 183.093 105.556 2.73218 152.444 60.8413 5.37026 2.94603 -9.23049 1.60105 
1338208254008615963 15.6528 17.9151 -6.6494 35.1253 6.27561 107.752 55.0571 0.96117 84.9269 48.71 1.95904 183.093 105.556 2.73218 152.444 60.8413 5.37026 2.94603 -10.9485 1.60105 
1338208254043187603 15.6528 17.9151 -6.6494 35.1253 6.27561 107.752 55.0571 0.96117 84.9269 48.71 1.95904 183.093 105.556 2.73218 152.444 60.0094 5.37026 2.94603 -9.80315 1.60105 
1338208254073236529 15.6528 17.9151 -6.6494 35.1253 6.27561 107.752 55.0571 0.96117 84.9269 48.71 1.95904 183.093 105.556 2.73218 152.444 60.0094 5.37026 2.94603 -9.23049 1.60105 
1338208254113654605 15.6528 17.9151 -6.6494 35.1253 6.27561 107.752 55.0571 0.96117 84.9269 48.71 1.95904 183.093 105.556 2.73218 152.444 60.0094 5.37026 2.94603 -9.23049 1.77603 
1338208254143168506 15.6528 17.9151 -6.6494 35.1253 6.27561 107.752 55.0571 0.96117 84.9269 48.71 1.95904 183.093 103.742 2.73218 152.444 60.0094 5.37026 2.94603 -9.80315 1.77603 
1338208254178648071 15.6528 17.9151 -6.6494 35.1253 6.27561 107.752 55.0571 0.96117 84.9269 48.71 1.95904 183.093 103.742 2.73218 152.444 60.0094 5.37026 2.94603 -9.80315 1.77603 
1338208254213098531 15.6528 17.9151 -6.6494 35.1253 6.27561 107.752 55.0571 0.96117 84.9269 48.71 1.95904 183.093 103.742 2.73218 152.444 60.0094 5.37026 2.94603 -9.80315 1.77603 
1338208254248988799 15.6528 17.9151 -6.6494 35.1253 6.27561 107.752 55.0571 0.96117 84.9269 48.71 1.95904 183.093 103.742 2.73218 152.444 60.0094 5.37026 2.94603 -9.80315 1.77603 
1338208254288971821 15.6528 17.9151 -6.6494 35.1253 6.27561 107.752 55.0571 0.96117 84.9269 48.71 1.95904 183.093 103.742 2.73218 152.444 60.0094 5.37026 2.94603 -9.80315 1.77603 
1338208254328954607 15.6528 17.9151 -6.6494 35.1253 6.27561 107.752 55.0571 0.96117 84.9269 48.71 1.95904 183.093 103.742 2.73218 152.444 60.0094 5.37026 2.94603 -9.80315 1.77603 
1338208254368969417 15.6528 17.9151 -6.6494 35.1253 6.27561 107.752 55.0571 0.96117 84.9269 48.71 1.95904 183.093 103.742 2.73218 152.444 60.0094 5.37026 2.94603 -9.80315 1.77603 
1338208254409007847 15.6528 17.9151 -6.6494 35.1253 6.27561 106.533 55.0571 0.96117 84.9269 48.71 1.95904 183.093 103.742 2.73218 152.444 60.0094 5.37026 2.94603 -9.80315 1.77603 
1338208254449040046 15.6528 17.9151 -6.6494 35.1253 6.27561 106.533 55.0571 0.96117 84.9269 48.71 1.95904 183.093 103.742 2.73218 152.444 60.0094 5.37026 2.94603 -9.80315 1.77603 
1338208254489014080 15.6528 17.9151 -6.6494 35.1253 6.27561 106.533 55.0571 0.96117 84.9269 48.71 1.95904 183.093 103.742 2.73218 152.444 60.0094 5.37026 2.94603 -9.80315 1.77603 
1338208254490170491 15.6528 17.9151 -6.6494 35.1253 6.27561 106.533 55.0571 0.96117 84.9269 48.71 1.95904 183.093 103.742 2.73218 152.444 60.0094 5.37026 2.94603 -9.80315 1.77603 
1338208254539030914 15.6528 17.9151 -6.6494 35.1253 7.2433 106.533 55.0571 0.96117 84.9269 48.71 1.95904 183.093 103.742 2.73218 149.583 60.0094 5.37026 2.94603 -9.23049 1.77603 
1338208254578778548 14.8459 17.9151 -6.21613 36.9579 7.72714 102.876 55.0571 0.96117 84.9269 50.8731 1.85837 174.906 109.183 2.5701 148.152 60.0094 4.98104 2.94603 -9.23049 1.07612 
1338208254618822056 14.8459 18.8805 -5.70142 37.8742 7.72714 100.438 56.6002 0.96117 82.5914 50.8731 1.85837 172.177 110.997 2.5701 146.722 61.6733 4.98104 2.94603 -10.3758 0.901137 
1338208254658755331 14.8459 18.8805 -5.70142 37.8742 7.72714 99.2184 56.6002 0.96117 81.4236 50.8731 1.65702 169.448 112.811 2.23018 145.291 61.6733 4.17084 2.94603 -11.5211 0.726159 
1338208254698786875 14.8459 18.3978 -5.85046 37.8742 7.72714 96.7801 55.0571 0.96117 80.2558 50.8731 1.45567 169.448 112.811 1.89026 143.861 61.6733 3.36064 2.94603 -9.80315 0.551181 
1338208254738743848 14.0391 17.9151 -5.9995 37.8742 6.75945 95.561 52.7424 0.96117 79.088 50.8731 1.355 166.719 112.811 1.72293 142.43 61.6733 2.96084 2.94603 -9.23049 0.376203 
1338208254778735794 13.2322 16.4669 -6.44663 37.8742 6.75945 93.1227 48.8847 0.96117 77.9202 50.8731 0.851631 158.532 112.811 0.870512 139.569 60.0094 0.930062 2.94603 -8.08518 0.0262468 
1338208254818787002 11.215 14.536 -5.743 43.3721 10.1464 78.493 41.9407 -0.555769 69.7457 44.3837 -0.557799 144.887 105.556 -1.51942 136.708 58.3455 -4.76245 2.94603 -7.51253 -0.323709 
1338208254858781901 9.60127 14.0533 -4.59224 48.8699 14.9848 54.1103 40.3976 -2.07271 60.4034 43.3021 -1.06117 139.429 105.556 -2.3771 136.708 57.5135 -6.80381 2.94603 -6.93987 -0.673666 
1338208254898805934 8.39095 13.0879 -3.80716 53.4514 18.8556 30.9466 40.3976 -2.32553 52.2289 42.2205 -1.36319 136.7 105.556 -2.89486 135.278 57.5135 -8.03497 2.94603 -5.79456 -1.02362 
1338208254900360285 7.18064 12.6051 -3.3063 56.2004 21.7586 22.4127 42.7122 -2.32553 46.3899 42.2205 -1.36319 136.7 107.369 -2.8896 133.847 57.5135 -8.02439 2.94603 -4.07659 -1.1986 
1338208254938764165 5.56689 12.1224 -2.80544 58.9493 24.1778 15.0978 43.4838 -2.07271 40.551 42.2205 -1.56454 133.97 109.183 -3.23478 132.417 57.5135 -8.84516 2.94603 -2.35863 -1.37358 
1338208254953788042 4.35658 12.1224 -2.58881 59.8656 25.6294 9.00213 43.4838 -2.57836 37.0476 42.2205 -1.76588 131.241 109.183 -3.57995 130.986 57.5135 -9.66593 2.94603 -0.0680022 -2.07349 
1338208254999153318 4.35658 12.1224 -2.58881 59.8656 25.6294 7.78299 45.0269 -2.57836 37.0476 42.2205 -1.66521 133.97 109.183 -3.40736 132.417 57.5135 -9.25555 2.94603 1.07731 -2.24847 
1338208255049107224 4.76002 13.5706 -1.92505 60.7819 26.1132 9.00213 48.8847 -1.81988 37.0476 45.4652 -1.26251 133.97 109.183 -2.71702 132.417 57.5135 -7.614 2.94603 1.64996 -2.7734 
1338208255099198432 5.56689 15.5015 -1.32888 60.7819 27.0809 16.317 51.9709 -1.31424 41.7188 47.6284 -0.658473 133.97 109.183 -1.69201 135.278 57.5135 -5.17284 2.94603 1.64996 -2.7734 
1338208255139009070 5.97033 17.9151 -0.800297 59.8656 27.5648 21.1935 54.2855 -1.06142 44.0543 50.8731 -0.255778 133.97 109.183 -1.00166 136.708 57.5135 -3.53129 2.94603 1.64996 -3.12336 
1338208255179043910 6.37377 19.846 -0.637394 58.033 28.5325 28.5084 55.8286 -1.06142 45.2221 51.9547 0.0462426 133.97 112.811 -0.489157 136.708 59.1774 -2.31071 2.94603 1.64996 -2.7734 
1338208255219033918 6.37377 21.7768 -0.474492 56.2004 29.5001 34.6041 57.3717 -1.06142 46.3899 53.0362 0.146916 133.97 112.811 -0.316571 138.139 59.1774 -1.90033 2.94603 -1.78597 -2.7734 
1338208255259056485 6.37377 22.7423 -0.393041 55.2841 29.984 35.8232 57.3717 -1.06142 47.5577 53.0362 0.146916 133.97 112.811 -0.316571 138.139 59.1774 -1.90033 2.94603 -0.640658 -2.7734 
1338208255299020070 6.37377 23.225 -0.460632 54.3678 29.984 37.0423 57.3717 -1.06142 47.5577 53.0362 0.146916 133.97 112.811 -0.316571 138.139 59.1774 -1.90033 2.94603 -0.640658 -2.7734 
1338208255338974981 5.56689 23.7077 -0.311589 54.3678 29.984 37.0423 57.3717 -1.06142 47.5577 53.0362 0.146916 133.97 112.811 -0.316571 138.139 59.1774 -1.90033 2.94603 -0.640658 -2.7734 
1338208255378807344 5.56689 23.7077 -0.311589 54.3678 29.984 38.2615 58.9149 -1.06142 47.5577 53.0362 0.146916 133.97 112.811 -0.316571 138.139 59.1774 -1.90033 2.94603 -0.640658 -2.7734 
1338208255418779369 5.56689 24.1905 -0.162547 54.3678 29.984 38.2615 58.9149 -1.06142 47.5577 53.0362 0.146916 133.97 112.811 -0.316571 138.139 59.1774 -1.90033 2.94603 -0.640658 -2.7734 
1338208255420801743 5.16346 24.1905 -0.162547 54.3678 29.984 38.2615 58.9149 -0.555769 47.5577 53.0362 0.146916 133.97 110.997 -0.321827 138.139 59.1774 -1.9109 2.94603 -0.640658 -2.7734 
1338208255458784611 5.16346 24.1905 -0.162547 54.3678 29.984 38.2615 59.6864 -0.555769 47.5577 53.0362 0.24759 131.241 110.997 -0.14924 138.139 58.3455 -1.50052 2.94603 -2.35863 -2.7734 
1338208255499159644 5.16346 24.1905 -0.37918 53.4514 29.984 38.2615 59.6864 -0.555769 47.5577 53.0362 0.24759 131.241 110.997 -0.14924 138.139 58.3455 -1.50052 2.94603 -0.640658 -2.7734 
1338208255549138402 5.16346 24.1905 -0.37918 53.4514 29.984 38.2615 59.6864 -0.555769 47.5577 53.0362 0.24759 131.241 110.997 -0.14924 138.139 58.3455 -1.50052 2.94603 -0.640658 -2.7734 
1338208255599182064 5.16346 24.1905 -0.37918 53.4514 29.984 38.2615 59.6864 -0.555769 47.5577 54.1178 0.24759 131.241 110.997 -0.14924 138.139 58.3455 -1.50052 2.94603 -0.640658 -2.7734 
1338208255649185498 5.16346 24.1905 -0.37918 53.4514 29.984 38.2615 59.6864 -0.555769 47.5577 54.1178 0.24759 131.241 110.997 -0.14924 138.139 58.3455 -1.50052 2.94603 -0.640658 -2.7734 
1338208255699100651 5.16346 24.1905 -0.37918 53.4514 29.984 38.2615 59.6864 -0.555769 47.5577 54.1178 0.24759 131.241 110.997 -0.14924 138.139 58.3455 -1.50052 2.94603 -0.640658 -2.7734 
1338208255749021788 5.16346 24.1905 -0.37918 53.4514 30.4678 38.2615 59.6864 -0.555769 47.5577 54.1178 0.24759 131.241 110.997 -0.14924 138.139 58.3455 -1.50052 2.94603 -0.640658 -2.7734 
1338208255799111865 5.16346 24.1905 -0.37918 53.4514 30.4678 38.2615 59.6864 -0.555769 47.5577 54.1178 0.24759 128.512 110.997 -0.14924 136.708 58.3455 -1.50052 2.94603 -0.640658 -2.7734 
1338208255849147793 5.16346 24.1905 -0.37918 53.4514 30.4678 38.2615 59.6864 -0.555769 47.5577 54.1178 0.24759 128.512 110.997 -0.14924 136.708 58.3455 -1.50052 2.94603 -0.640658 -2.7734 
1338208255889056940 5.16346 24.1905 -0.37918 53.4514 30.4678 39.4806 59.6864 -0.302946 48.7255 54.1178 0.24759 128.512 110.997 -0.154496 136.708 58.3455 -1.5111 2.94603 -0.640658 -2.7734 
1338208255929118936 5.16346 24.1905 -0.37918 53.4514 30.4678 39.4806 59.6864 -0.302946 48.7255 54.1178 0.24759 128.512 110.997 -0.154496 136.708 58.3455 -1.5111 2.94603 -0.640658 -2.7734 
1338208255969047640 5.56689 24.1905 -0.37918 53.4514 30.4678 39.4806 59.6864 -0.302946 48.7255 54.1178 0.24759 128.512 110.997 -0.154496 136.708 58.3455 -1.5111 2.94603 -0.640658 -2.7734 
1338208256008987905 5.56689 23.7077 -0.528223 53.4514 30.4678 39.4806 59.6864 -0.302946 48.7255 54.1178 0.24759 128.512 110.997 -0.154496 135.278 58.3455 -1.5111 2.94603 -2.35863 -2.7734 
1338208256049054587 5.56689 23.7077 -0.528223 53.4514 30.4678 39.4806 59.6864 -0.302946 48.7255 54.1178 0.24759 125.783 110.997 -0.154496 135.278 58.3455 -1.5111 2.94603 -0.640658 -2.7734 
1338208256089077078 5.56689 23.7077 -0.528223 53.4514 30.4678 39.4806 59.6864 -0.302946 48.7255 54.1178 0.24759 125.783 110.997 -0.154496 135.278 58.3455 -1.5111 2.94603 -0.640658 -2.7734 
1338208256128883610 5.56689 23.7077 -0.528223 53.4514 30.4678 39.4806 59.6864 -0.302946 48.7255 54.1178 0.24759 125.783 110.997 -0.154496 135.278 58.3455 -1.5111 2.94603 -0.640658 -2.7734 
1338208256168815143 5.56689 23.7077 -0.528223 53.4514 30.4678 39.4806 59.6864 -0.302946 48.7255 54.1178 0.24759 125.783 110.997 -0.154496 135.278 58.3455 -1.5111 2.94603 -0.640658 -2.7734 
1338208256171411358 5.56689 23.7077 -0.528223 53.4514 30.4678 39.4806 59.6864 -0.302946 48.7255 54.1178 0.24759 125.783 110.997 -0.154496 135.278 58.3455 -1.5111 2.94603 -0.640658 -2.7734 
1338208256208778593 5.56689 23.7077 -0.528223 53.4514 30.4678 39.4806 59.6864 -0.302946 48.7255 54.1178 0.24759 125.783 110.997 -0.154496 135.278 58.3455 -1.5111 2.94603 -0.640658 -2.7734 
1338208256218971040 5.56689 23.7077 -0.528223 53.4514 30.4678 39.4806 59.6864 -0.302946 48.7255 54.1178 0.24759 125.783 110.997 -0.154496 135.278 57.5135 -1.5111 2.94603 -0.640658 -2.7734 
1338208256258986511 5.56689 23.7077 -0.528223 53.4514 30.4678 39.4806 59.6864 -0.302946 48.7255 54.1178 0.24759 125.783 110.997 -0.154496 135.278 57.5135 -1.5111 2.94603 -0.640658 -2.7734 
1338208256299027685 5.56689 23.7077 -0.528223 53.4514 30.4678 39.4806 59.6864 -0.302946 48.7255 54.1178 0.24759 125.783 110.997 -0.154496 135.278 57.5135 -1.5111 2.94603 -0.640658 -2.7734 
1338208256339090518 5.56689 23.7077 -0.528223 53.4514 30.4678 39.4806 59.6864 -0.302946 48.7255 54.1178 0.348263 125.783 110.997 0.0180907 135.278 57.5135 -1.10071 2.94603 -0.640658 -2.7734 
