#time#THJ1#THJ2#THJ3#THJ4#THJ5#FFJ0#FFJ3#FFJ4#MFJ0#MFJ3#MFJ4#RFJ0#RFJ3#RFJ4#LFJ0#LFJ3#LFJ4#LFJ5#WRJ1#WRJ2
14491794000000 10.8116 11.157 -12.852 17.7155 -19.852 9.00213 0 -4.0953 17.1952 0 -0.255778 8.4343 0 -0.849241 5.1023 3.43599 -3.22449 2.94603 13.1031 -6.09799 
14491838000000 10.8116 11.157 -12.6354 18.6318 -19.852 9.00213 0 -4.0953 17.1952 0 -0.255778 8.4343 0 -0.849241 5.1023 3.43599 -3.22449 2.94603 11.3851 -6.09799 
14491878000000 10.8116 11.157 -12.6354 18.6318 -19.3681 9.00213 0 -4.0953 17.1952 0 -0.255778 8.4343 0 -0.849241 5.1023 3.43599 -3.22449 2.94603 13.1031 -5.92301 
14491912000000 10.8116 11.157 -12.6354 18.6318 -18.8843 9.00213 0 -4.0953 17.1952 0 -0.255778 8.4343 0 -0.849241 5.1023 3.43599 -3.22449 2.94603 13.1031 -5.92301 
14491942000000 10.8116 11.157 -12.6354 18.6318 -17.9166 9.00213 0 -4.0953 17.1952 0 -0.255778 8.4343 0 -0.849241 5.1023 3.43599 -3.22449 2.94603 13.1031 -5.92301 
14491973000000 10.8116 11.157 -12.6354 18.6318 -17.4328 9.00213 0 -4.0953 17.1952 0 -0.255778 8.4343 0 -0.849241 5.1023 3.43599 -3.22449 2.94603 13.1031 -5.92301 
14492004000000 10.8116 11.157 -12.2021 20.4644 -16.9489 9.00213 0 -4.0953 17.1952 0 -0.255778 8.4343 0 -0.849241 5.1023 3.43599 -3.22449 2.94603 13.1031 -5.92301 
14492048000000 10.8116 9.7088 -12.216 22.297 -15.4974 9.00213 0 -4.60094 17.1952 0 -0.255778 8.4343 0 -0.849241 5.1023 3.43599 -3.22449 2.94603 11.3851 -6.44794 
14492084000000 10.8116 8.74336 -11.8642 25.0459 -14.5297 9.00213 0 -4.60094 17.1952 0 -0.255778 8.4343 0 -0.849241 5.1023 3.43599 -3.22449 2.94603 11.9578 -6.62292 
14492130000000 10.8116 7.29519 -11.2281 29.6274 -12.5943 9.00213 0 -4.34812 17.1952 0 -0.557799 13.8924 0 -1.37751 5.1023 5.09991 -4.47681 2.94603 9.66714 -6.97288 
14492162000000 10.8116 6.81247 -10.9439 31.4601 -11.6266 9.00213 0 -4.60094 17.1952 0 -0.759146 16.6214 0 -1.71743 7.96331 6.76383 -5.287 2.94603 10.8125 -7.14786 
14492196000000 9.60127 6.32975 -10.6597 33.2927 -10.1751 9.00213 0 -4.85376 19.5308 0 -1.06117 19.3505 0 -2.22993 13.6853 10.0917 -6.50758 2.94603 10.8125 -7.32283 
14492232000000 8.79439 5.84703 -9.9422 36.9579 -8.72357 9.00213 0 -5.35941 21.8663 0.0391905 -1.46386 32.9957 3.98553 -2.91502 23.6988 15.9154 -8.13855 2.94603 10.2398 -7.32283 
14492278000000 8.39095 5.3643 -9.00807 41.5395 -6.78819 9.00213 0 -6.62353 27.7053 6.52862 -1.76588 52.0991 13.0543 -3.43804 38.0038 19.2433 -9.38029 2.94603 7.37652 -7.32283 
14492310000000 8.39095 4.88158 -8.72385 43.3721 -5.33665 9.00213 0 -7.382 33.5442 11.9365 -1.96723 68.4733 20.3093 -3.79372 59.4613 21.7391 -10.2222 2.94603 8.52183 -7.32283 
14492341000000 8.39095 5.84703 -7.9925 45.2047 -3.88512 11.4404 0 -8.14047 40.551 19.5075 -2.0679 87.5767 27.5643 -3.98208 78.0578 25.067 -10.6643 2.94603 7.37652 -7.32283 
14492371000000 8.39095 6.81247 -7.26115 47.0373 -3.40128 15.0978 0 -8.39329 47.5577 25.9969 -1.96723 101.222 33.0055 -3.82 92.3628 25.899 -10.2751 2.94603 6.80387 -7.32283 
14492408000000 8.39095 7.29519 -7.1121 47.0373 -3.40128 19.9744 1.04838 -8.14047 54.5644 31.4048 -1.86656 112.138 40.2605 -3.65793 103.807 27.5629 -9.88589 2.94603 6.80387 -7.32283 
14492447000000 8.39095 7.77791 -7.17969 46.121 -3.40128 28.5084 7.99236 -7.382 62.739 38.9758 -1.66521 125.783 47.5155 -3.32327 113.82 29.2268 -9.08628 2.94603 7.94918 -7.67279 
14492485000000 9.19783 8.74336 -7.09824 45.2047 -3.40128 37.0423 12.6217 -6.62353 70.9135 45.4652 -1.66521 139.429 60.2118 -3.33904 123.834 31.7227 -9.11801 2.94603 7.94918 -7.49781 
14492526000000 10.4081 10.1915 -7.08438 43.3721 -3.40128 49.2337 14.9363 -6.3707 80.2558 48.71 -1.66521 158.532 67.4668 -3.34955 133.847 34.2186 -9.13917 2.94603 8.52183 -7.49781 
14492566000000 11.6185 12.1224 -6.70484 42.4558 -3.40128 57.7677 18.0225 -5.61223 86.0947 51.9547 -1.66521 169.448 72.908 -3.3548 138.139 36.7145 -9.14975 2.94603 9.66714 -7.32283 
14492567000000 12.0219 13.5706 -6.47435 41.5395 -1.94974 61.4251 19.5657 -4.85376 88.4303 55.1994 -1.66521 177.635 80.163 -3.36006 141 38.3784 -9.16033 2.94603 10.2398 -7.32283 
14492607000000 12.0219 15.9842 -6.37904 38.7905 -1.94974 69.9591 21.1088 -3.84247 93.1015 58.4441 -1.46386 185.822 87.418 -3.0254 145.291 41.7062 -8.36072 2.94603 10.2398 -6.97288 
14492627000000 12.4253 18.3978 -6.06709 36.9579 -2.43359 73.6165 24.9665 -2.57836 94.2693 61.6888 -1.36319 188.551 94.673 -2.85807 145.291 43.3702 -7.96091 2.94603 10.8125 -6.97288 
14492669000000 12.0219 20.8114 -5.75515 35.1253 -1.94974 73.6165 29.5958 -0.808592 94.2693 63.852 -1.26251 188.551 98.3005 -2.68548 145.291 44.2021 -7.55052 2.94603 11.3851 -6.97288 
14492715000000 12.4253 22.7423 -5.37561 34.209 -1.4659 78.493 33.4536 0.455524 95.4371 66.0151 -1.16184 188.551 103.742 -2.51815 145.291 45.866 -7.15072 2.94603 10.8125 -6.97288 
14492756000000 13.2322 28.0522 -4.60268 30.5438 -0.0143647 83.3696 38.0829 1.71964 95.4371 69.2598 -0.960494 188.551 110.997 -2.17823 145.291 49.1939 -6.34052 2.94603 9.09449 -6.44794 
14492798000000 14.0391 30.4658 -4.724 26.8785 -0.0143647 85.8079 39.626 1.97246 95.4371 70.3414 -0.960494 188.551 112.811 -2.18349 149.583 50.8578 -6.3511 2.94603 9.09449 -6.27297 
14492838000000 14.4425 31.4313 -4.85918 25.0459 -0.498213 89.4653 39.626 1.97246 95.4371 70.3414 -0.859821 196.739 114.624 -2.0109 151.013 51.6898 -5.94072 2.94603 9.09449 -6.62292 
14492878000000 14.4425 32.8795 -4.84532 23.2133 -0.982057 91.9036 39.626 2.22529 95.4371 70.3414 -0.859821 196.739 112.811 -2.0109 151.013 50.8578 -5.94072 2.94603 9.09449 -6.7979 
14492918000000 14.4425 33.3622 -4.69628 23.2133 -0.982057 93.1227 39.626 2.22529 95.4371 70.3414 -0.859821 199.468 112.811 -2.0109 151.013 50.8578 -5.94072 2.94603 9.09449 -6.7979 
14492958000000 14.4425 33.8449 -4.76387 22.297 -1.4659 95.561 39.626 2.22529 95.4371 70.3414 -0.859821 199.468 112.811 -2.0109 151.013 50.8578 -5.94072 2.94603 9.09449 -6.7979 
14492998000000 14.4425 34.3276 -4.61483 22.297 -1.94974 96.7801 39.626 2.22529 95.4371 70.3414 -0.859821 202.197 112.811 -2.0109 151.013 50.8578 -5.94072 2.94603 9.09449 -6.7979 
14493038000000 14.4425 34.3276 -4.61483 22.297 -1.94974 96.7801 39.626 2.22529 95.4371 70.3414 -0.859821 202.197 112.811 -2.0109 151.013 50.8578 -5.94072 2.94603 9.09449 -6.7979 
14493039000000 14.4425 34.8103 -4.46578 22.297 -2.43359 96.7801 39.626 2.22529 95.4371 71.423 -0.859821 202.197 112.811 -2.0109 151.013 50.8578 -5.94072 2.94603 9.09449 -6.7979 
14493078000000 14.4425 34.8103 -4.46578 22.297 -2.43359 96.7801 39.626 2.22529 96.6048 71.423 -0.859821 202.197 112.811 -2.0109 152.444 50.8578 -5.94072 2.94603 9.09449 -6.62292 
14493097000000 14.0391 34.8103 -4.46578 22.297 -2.43359 96.7801 39.626 2.22529 97.7726 71.423 -0.859821 202.197 112.811 -2.0109 152.444 50.8578 -5.94072 2.94603 9.09449 -6.62292 
14493138000000 14.0391 34.8103 -4.46578 22.297 -2.43359 97.9993 38.8545 1.71964 97.7726 71.423 -0.759146 202.197 112.811 -1.83831 152.444 50.8578 -5.53033 2.94603 7.94918 -6.62292 
14493178000000 14.0391 34.8103 -4.46578 22.297 -2.43359 97.9993 38.8545 1.71964 97.7726 71.423 -0.759146 202.197 112.811 -1.83831 152.444 50.8578 -5.53033 2.94603 9.66714 -6.62292 
14493218000000 14.0391 34.8103 -4.46578 22.297 -2.43359 97.9993 38.8545 1.71964 97.7726 71.423 -0.759146 202.197 112.811 -1.83831 152.444 50.8578 -5.53033 2.94603 9.66714 -6.62292 
14493258000000 14.0391 34.8103 -4.46578 22.297 -2.43359 97.9993 38.8545 1.71964 97.7726 71.423 -0.759146 202.197 112.811 -1.83831 152.444 50.8578 -5.53033 2.94603 9.66714 -6.62292 
14493298000000 14.0391 34.8103 -4.46578 22.297 -2.43359 97.9993 38.8545 1.71964 97.7726 71.423 -0.759146 202.197 112.811 -1.83831 152.444 50.8578 -5.53033 2.94603 9.66714 -6.62292 
14493339000000 14.0391 34.8103 -4.46578 22.297 -2.43359 97.9993 38.8545 1.71964 97.7726 71.423 -0.759146 202.197 112.811 -1.83831 152.444 50.8578 -5.53033 2.94603 9.66714 -6.62292 
14493378000000 14.0391 34.8103 -4.46578 22.297 -2.43359 97.9993 38.8545 1.71964 97.7726 71.423 -0.759146 202.197 112.811 -1.83831 152.444 50.8578 -5.53033 2.94603 9.66714 -6.62292 
14493423000000 14.0391 34.8103 -4.46578 22.297 -2.43359 97.9993 38.8545 1.71964 97.7726 71.423 -0.759146 202.197 112.811 -1.83831 152.444 50.8578 -5.53033 2.94603 9.66714 -6.27297 
14493465000000 14.0391 34.8103 -4.46578 22.297 -2.43359 97.9993 38.8545 1.71964 97.7726 71.423 -0.759146 202.197 112.811 -1.83831 152.444 50.8578 -5.53033 2.94603 9.66714 -6.27297 
14493467000000 14.0391 34.8103 -4.46578 22.297 -2.43359 97.9993 38.8545 1.71964 97.7726 71.423 -0.759146 202.197 112.811 -1.83831 152.444 50.8578 -5.53033 2.94603 9.66714 -6.27297 
14493506000000 14.0391 34.8103 -4.46578 22.297 -2.43359 97.9993 38.8545 1.71964 97.7726 70.3414 -0.759146 202.197 110.997 -1.83831 151.013 50.8578 -5.53033 2.94603 9.66714 -6.27297 
14493538000000 14.0391 34.8103 -4.46578 22.297 -2.43359 97.9993 38.8545 1.46682 97.7726 70.3414 -0.759146 202.197 110.997 -1.84357 151.013 50.8578 -5.54091 2.94603 9.66714 -6.27297 
14493579000000 14.0391 34.8103 -4.46578 22.297 -2.43359 97.9993 38.0829 1.46682 97.7726 70.3414 -0.759146 202.197 110.997 -1.84357 151.013 50.8578 -5.54091 2.94603 9.66714 -6.27297 
14493618000000 14.0391 34.3276 -4.61483 22.297 -2.43359 97.9993 38.0829 1.46682 97.7726 70.3414 -0.759146 202.197 110.997 -1.84357 151.013 50.8578 -5.54091 2.94603 9.66714 -6.27297 
14493656000000 14.0391 34.3276 -4.61483 22.297 -2.43359 97.9993 38.0829 1.46682 97.7726 70.3414 -0.759146 202.197 110.997 -1.84357 151.013 50.8578 -5.54091 2.94603 9.66714 -6.27297 
14493709000000 14.0391 34.3276 -4.18156 24.1296 -2.43359 97.9993 38.0829 1.46682 97.7726 70.3414 -0.859821 202.197 110.997 -2.01616 151.013 50.8578 -5.9513 2.94603 9.66714 -6.27297 
14493748000000 14.0391 34.3276 -4.18156 24.1296 -2.43359 97.9993 38.0829 1.46682 97.7726 70.3414 -0.859821 202.197 110.997 -2.01616 151.013 50.8578 -5.9513 2.94603 9.66714 -6.27297 
14493788000000 14.0391 34.3276 -4.18156 24.1296 -2.43359 97.9993 38.0829 1.46682 97.7726 70.3414 -0.859821 202.197 110.997 -2.01616 151.013 50.8578 -5.9513 2.94603 9.66714 -6.09799 
14493828000000 14.0391 34.3276 -4.18156 24.1296 -2.43359 97.9993 38.0829 1.46682 97.7726 70.3414 -0.859821 202.197 110.997 -2.01616 151.013 51.6898 -5.9513 2.94603 9.66714 -6.09799 
14493868000000 14.0391 33.8449 -4.3306 24.1296 -2.43359 97.9993 38.0829 1.46682 97.7726 70.3414 -0.859821 202.197 110.997 -2.01616 151.013 51.6898 -5.9513 2.94603 9.66714 -6.09799 
14493908000000 14.0391 33.8449 -4.3306 24.1296 -1.94974 97.9993 38.0829 1.46682 97.7726 70.3414 -0.859821 202.197 110.997 -2.01616 151.013 51.6898 -5.9513 2.94603 9.66714 -6.09799 
14493948000000 14.0391 33.8449 -4.3306 24.1296 -1.94974 97.9993 38.0829 1.46682 97.7726 70.3414 -0.859821 202.197 110.997 -2.01616 151.013 51.6898 -5.9513 2.94603 9.66714 -6.09799 
14493988000000 14.0391 33.8449 -4.3306 24.1296 -1.94974 97.9993 38.0829 1.46682 97.7726 70.3414 -0.759146 202.197 110.997 -1.84357 151.013 51.6898 -5.54091 2.94603 9.66714 -6.09799 
14494028000000 14.0391 33.8449 -4.3306 24.1296 -1.94974 97.9993 38.0829 1.46682 97.7726 70.3414 -0.759146 202.197 110.997 -1.84357 151.013 51.6898 -5.54091 2.94603 9.66714 -6.09799 
14494068000000 14.0391 33.8449 -4.3306 24.1296 -1.94974 97.9993 38.0829 1.46682 97.7726 70.3414 -0.759146 202.197 110.997 -1.84357 151.013 51.6898 -5.54091 2.94603 9.66714 -6.09799 
14494106000000 14.0391 33.8449 -4.3306 24.1296 -1.94974 97.9993 38.0829 1.46682 97.7726 70.3414 -0.759146 202.197 110.997 -1.84357 151.013 51.6898 -5.54091 2.94603 7.94918 -6.09799 
14494147000000 14.0391 33.8449 -4.3306 24.1296 -1.94974 97.9993 38.0829 1.46682 97.7726 69.2598 -0.759146 202.197 110.997 -1.84357 151.013 51.6898 -5.54091 2.94603 10.2398 -6.09799 
14494187000000 14.0391 33.8449 -4.3306 24.1296 -1.94974 97.9993 38.0829 1.46682 97.7726 69.2598 -0.759146 202.197 110.997 -1.84357 151.013 51.6898 -5.54091 2.94603 8.52183 -6.09799 
14494227000000 14.0391 33.8449 -4.3306 24.1296 -1.94974 97.9993 38.0829 1.21399 97.7726 69.2598 -0.759146 202.197 110.997 -1.84357 151.013 51.6898 -5.54091 2.94603 10.2398 -6.09799 
14494268000000 14.0391 33.8449 -4.11397 25.0459 -1.94974 97.9993 38.0829 1.21399 97.7726 69.2598 -0.759146 202.197 110.997 -1.84357 151.013 51.6898 -5.54091 2.94603 10.2398 -6.09799 
14494308000000 14.0391 33.8449 -4.11397 25.0459 -1.94974 97.9993 38.0829 1.21399 97.7726 69.2598 -0.759146 202.197 110.997 -1.84357 151.013 51.6898 -5.54091 2.94603 9.66714 -6.09799 
14494348000000 14.0391 33.8449 -4.11397 25.0459 -1.94974 97.9993 38.0829 1.21399 97.7726 69.2598 -0.759146 202.197 110.997 -1.84357 151.013 51.6898 -5.54091 2.94603 10.2398 -6.09799 
14494388000000 14.0391 33.8449 -4.11397 25.0459 -1.94974 97.9993 37.3114 1.21399 97.7726 69.2598 -0.759146 202.197 110.997 -1.84883 151.013 51.6898 -5.55149 2.94603 10.2398 -6.09799 
14494428000000 14.0391 33.8449 -4.11397 25.0459 -1.94974 97.9993 37.3114 1.21399 97.7726 69.2598 -0.759146 202.197 110.997 -1.84883 151.013 51.6898 -5.55149 2.94603 10.2398 -6.09799 
14494468000000 14.0391 33.3622 -4.26301 25.0459 -1.94974 97.9993 37.3114 1.21399 97.7726 69.2598 -0.759146 202.197 110.997 -1.84883 151.013 51.6898 -5.55149 2.94603 10.2398 -6.09799 
14494508000000 14.0391 33.3622 -4.26301 25.0459 -1.94974 97.9993 37.3114 1.21399 97.7726 69.2598 -0.759146 202.197 110.997 -1.84883 151.013 51.6898 -5.55149 2.94603 10.2398 -6.09799 
14494548000000 14.0391 33.3622 -4.26301 25.0459 -1.94974 97.9993 37.3114 1.21399 97.7726 69.2598 -0.759146 202.197 110.997 -1.84883 151.013 51.6898 -5.55149 2.94603 10.2398 -6.09799 
14494589000000 14.0391 33.3622 -4.26301 25.0459 -1.94974 97.9993 37.3114 1.21399 97.7726 69.2598 -0.759146 202.197 110.997 -1.84883 151.013 51.6898 -5.55149 2.94603 10.2398 -6.09799 
14494627000000 14.0391 33.3622 -4.26301 25.0459 -1.94974 97.9993 37.3114 1.21399 97.7726 69.2598 -0.759146 202.197 110.997 -1.84883 151.013 51.6898 -5.55149 2.94603 10.2398 -6.09799 
14494653000000 14.0391 33.3622 -4.26301 25.0459 -1.94974 97.9993 37.3114 1.21399 97.7726 69.2598 -0.859821 202.197 110.997 -2.02141 151.013 51.6898 -5.96188 2.94603 10.2398 -6.09799 
14494701000000 14.0391 33.3622 -4.26301 25.0459 -1.94974 97.9993 37.3114 0.708347 97.7726 69.2598 -0.859821 202.197 110.997 -2.02141 151.013 51.6898 -5.96188 2.94603 10.2398 -5.92301 
14494749000000 14.0391 33.3622 -4.26301 25.0459 -1.94974 97.9993 37.3114 0.708347 97.7726 69.2598 -0.859821 202.197 110.997 -2.02141 151.013 51.6898 -5.96188 2.94603 10.2398 -5.92301 
14494799000000 14.0391 33.3622 -4.26301 25.0459 -1.94974 97.9993 37.3114 0.455524 98.9404 69.2598 -0.859821 202.197 110.997 -2.02141 151.013 51.6898 -5.96188 2.94603 10.2398 -5.92301 
14494849000000 14.0391 33.3622 -4.26301 25.0459 -1.94974 97.9993 37.3114 0.455524 98.9404 69.2598 -0.859821 202.197 110.997 -2.02141 151.013 51.6898 -5.96188 2.94603 10.2398 -5.92301 
14494899000000 14.0391 33.3622 -4.26301 25.0459 -1.94974 99.2184 37.3114 0.2027 98.9404 69.2598 -0.759146 202.197 110.997 -1.84883 151.013 51.6898 -5.55149 2.94603 9.66714 -5.92301 
14494948000000 14.4425 33.3622 -4.26301 25.0459 -2.43359 99.2184 37.3114 0.2027 98.9404 69.2598 -0.759146 204.926 110.997 -1.84883 151.013 51.6898 -5.55149 2.94603 9.66714 -5.74803 
14494988000000 14.4425 33.3622 -4.26301 25.0459 -2.43359 99.2184 37.3114 -0.0501228 98.9404 69.2598 -0.759146 204.926 110.997 -1.84883 151.013 51.6898 -5.55149 2.94603 9.66714 -6.27297 
14495028000000 14.4425 33.3622 -4.26301 25.0459 -2.43359 99.2184 37.3114 -0.0501228 98.9404 69.2598 -0.759146 204.926 110.997 -1.84883 151.013 51.6898 -5.55149 2.94603 9.66714 -6.27297 
