#time#THJ1#THJ2#THJ3#THJ4#THJ5#FFJ0#FFJ3#FFJ4#MFJ0#MFJ3#MFJ4#RFJ0#RFJ3#RFJ4#LFJ0#LFJ3#LFJ4#LFJ5#WRJ1#WRJ2
14421220000000 29.7731 30.9486 -6.09139 20.4644 -10.6589 132.135 90.5485 1.97246 121.128 84.4018 0.348263 229.487 154.527 -0.00293279 169.61 65.8331 -1.14303 2.94603 -8.65784 -2.7734 
14421260000000 29.7731 30.9486 -6.09139 20.4644 -10.6589 132.135 90.5485 1.97246 121.128 84.4018 0.348263 229.487 154.527 -0.00293279 169.61 65.8331 -1.14303 2.94603 -8.65784 -2.59843 
14421293000000 29.7731 30.4658 -6.24043 20.4644 -10.6589 132.135 90.5485 1.97246 121.128 85.4834 0.348263 229.487 154.527 -0.00293279 169.61 65.8331 -1.14303 2.94603 -8.65784 -2.59843 
14421329000000 29.7731 30.4658 -6.24043 20.4644 -10.1751 132.135 89.777 1.97246 121.128 85.4834 0.348263 229.487 154.527 -0.00293279 169.61 65.8331 -1.14303 2.94603 -8.08518 -2.7734 
14421363000000 29.7731 30.4658 -6.24043 20.4644 -10.1751 132.135 89.777 1.97246 121.128 85.4834 0.348263 229.487 154.527 -0.00293279 169.61 65.8331 -1.14303 2.94603 -8.08518 -2.7734 
14421391000000 29.7731 30.4658 -6.24043 20.4644 -10.1751 132.135 89.777 1.97246 121.128 85.4834 0.348263 229.487 154.527 -0.00293279 169.61 65.8331 -1.14303 2.94603 -8.08518 -2.94838 
14421421000000 29.7731 30.4658 -6.24043 20.4644 -10.1751 132.135 89.777 1.97246 121.128 85.4834 0.348263 229.487 154.527 -0.00293279 169.61 65.8331 -1.14303 2.94603 -8.08518 -2.7734 
14421463000000 29.7731 30.4658 -6.24043 20.4644 -10.1751 132.135 89.777 1.97246 121.128 85.4834 0.348263 229.487 154.527 -0.00293279 169.61 65.8331 -1.14303 2.94603 -8.08518 -2.7734 
14421490000000 29.7731 30.4658 -6.24043 20.4644 -10.1751 132.135 89.777 1.97246 121.128 85.4834 0.348263 229.487 154.527 -0.00293279 169.61 65.8331 -1.14303 2.94603 -8.08518 -2.7734 
14421523000000 29.7731 30.4658 -6.24043 20.4644 -10.1751 132.135 89.777 1.97246 121.128 85.4834 0.348263 229.487 154.527 -0.00293279 169.61 65.8331 -1.14303 2.94603 -8.08518 -2.7734 
14421557000000 29.7731 30.4658 -6.24043 20.4644 -10.1751 132.135 89.777 1.97246 121.128 85.4834 0.348263 229.487 154.527 -0.00293279 169.61 65.8331 -1.14303 2.94603 -8.08518 -2.7734 
14421590000000 29.7731 30.4658 -6.24043 20.4644 -10.1751 132.135 89.777 1.97246 122.296 85.4834 0.348263 229.487 154.527 -0.00293279 169.61 65.8331 -1.14303 2.94603 -8.08518 -3.12336 
14421623000000 29.7731 30.4658 -5.80717 22.297 -10.1751 132.135 89.777 1.97246 122.296 85.4834 0.348263 229.487 154.527 -0.00293279 169.61 65.8331 -1.14303 2.94603 -8.08518 -3.12336 
14421649000000 29.7731 30.4658 -5.59053 23.2133 -10.1751 132.135 89.777 1.97246 122.296 85.4834 0.348263 229.487 154.527 -0.0134445 169.61 65.8331 -1.16419 2.94603 -6.93987 -3.47332 
14421689000000 29.7731 30.4658 -5.3739 24.1296 -9.20741 132.135 89.777 1.97246 117.625 85.4834 0.348263 221.3 158.154 -0.0134445 169.61 65.8331 -1.16419 2.94603 -6.36722 -3.82327 
14421737000000 29.7731 30.4658 -5.15727 25.0459 -8.23972 129.697 88.2339 1.97246 117.625 85.4834 0.348263 218.571 158.154 -0.0134445 169.61 65.8331 -1.16419 2.94603 -8.08518 -3.82327 
14421774000000 28.5628 29.0177 -5.82103 24.1296 -6.30434 127.259 85.1477 1.97246 117.625 85.4834 0.146916 218.571 156.341 -0.358618 165.318 65.8331 -1.98496 2.94603 -6.36722 -3.64829 
14421818000000 25.3353 23.225 -6.743 27.7948 -4.36897 116.286 69.7166 1.97246 109.451 78.994 -0.356452 199.468 136.389 -1.16899 149.583 60.8413 -3.9311 2.94603 -4.64925 -5.74803 
14421859000000 22.1078 18.8805 -6.56795 34.209 -3.88512 113.848 61.2295 1.97246 107.115 72.5045 -0.557799 188.551 123.693 -1.48789 138.139 56.6815 -4.69897 2.94603 -1.78597 -7.32283 
14421898000000 20.0906 15.5015 -6.74471 37.8742 -3.88512 110.191 53.514 1.97246 103.612 66.0151 -0.859821 180.364 110.997 -1.97937 126.695 48.3619 -5.87724 2.94603 -0.0680022 -9.42257 
14421938000000 17.67 13.0879 -6.40676 42.4558 -3.40128 95.561 40.3976 -0.555769 95.4371 55.1994 -1.46386 163.99 74.7218 -2.97809 109.529 33.3866 -8.2655 2.94603 2.22262 -12.7472 
14421978000000 15.6528 11.157 -6.1364 46.121 -2.91743 72.3974 30.3674 -4.0953 80.2558 44.3837 -1.56454 142.158 47.5155 -3.12966 89.5018 26.7309 -8.63357 2.94603 5.65855 -13.972 
14421979000000 13.6356 9.7088 -5.71699 49.7862 -1.4659 46.7954 23.4234 -6.62353 66.2423 35.7311 -1.76588 114.867 36.633 -3.45906 70.9053 21.7391 -9.42261 2.94603 9.09449 -15.0219 
14422017000000 12.0219 7.77791 -5.01336 55.2841 0.469479 28.5084 14.9363 -10.1631 53.3966 25.9969 -2.4706 87.5767 23.9368 -4.6514 53.7393 17.5793 -12.2636 2.94603 12.5304 -15.7218 
14422031000000 10.8116 6.32975 -4.59395 58.9493 3.37254 18.7552 7.99236 -12.1856 44.0543 17.3443 -3.07464 71.2024 14.868 -5.68167 43.7258 14.2515 -14.7153 2.94603 15.3937 -15.8968 
14422064000000 9.60127 5.3643 -4.0255 62.6145 6.27561 12.6596 4.13459 -13.4498 38.2154 10.8549 -3.57801 60.2862 7.61303 -6.5446 39.4343 11.7556 -16.7672 2.94603 17.6843 -16.0717 
14422089000000 9.19783 3.43342 -3.53851 67.1961 10.6302 6.56386 0 -15.4723 34.712 4.36548 -3.88003 52.0991 0 -7.06761 29.4208 6.76383 -18.009 2.94603 21.1203 -16.4217 
14422126000000 9.19783 1.98525 -3.1191 70.8613 14.0171 1.6873 0 -17.7478 33.5442 3.28391 -4.18205 49.37 0 -7.60114 23.6988 4.26795 -19.2719 2.94603 23.4109 -16.5967 
14422161000000 9.19783 0.0543616 -3.06537 73.6102 15.9525 0 0 -20.276 34.712 2.20233 -4.28272 46.641 0 -7.80001 22.2683 3.43599 -19.7352 2.94603 26.2742 -17.1216 
14422201000000 10.0047 -0.42836 -2.78114 75.4428 16.9202 0 0 -21.2873 35.8798 1.12076 -4.28272 46.641 0 -7.80526 20.8378 2.60403 -19.7458 2.94603 27.9921 -16.7717 
14422258000000 12.0219 -0.42836 -2.56451 76.3591 17.8879 0 0 -22.5514 40.551 2.20233 -4.08138 49.37 0 -7.4706 20.8378 1.77207 -18.9461 2.94603 30.2827 -16.7717 
14422303000000 14.0391 0.537083 -2.04979 77.2754 18.3717 1.6873 0 -23.057 42.8865 4.36548 -3.88003 49.37 0 -7.13594 20.8378 0.940101 -18.1465 2.94603 30.8554 -16.9466 
14422356000000 15.2494 1.0198 -1.90075 77.2754 18.3717 6.56386 0 -23.5627 46.3899 5.44705 -3.67868 52.0991 0 -6.79077 20.8378 0.940101 -17.3257 2.94603 30.8554 -16.5967 
14422396000000 16.8631 1.50253 -1.75171 77.2754 18.8556 10.2213 0 -23.8155 51.0611 8.69177 -3.47733 57.5572 0 -6.45611 20.8378 0.940101 -16.5261 2.94603 30.2827 -16.0717 
14422436000000 17.67 2.46797 -1.45362 77.2754 19.3394 13.8787 0 -24.0683 54.5644 14.0996 -3.17531 60.2862 0 -5.94886 20.8378 0.940101 -15.3161 2.94603 29.7101 -16.2467 
14422478000000 18.0734 3.91614 -1.00649 77.2754 20.3071 22.4127 0 -23.8155 62.739 15.1812 -2.87329 71.2024 0 -5.43635 23.6988 0.940101 -14.0956 2.94603 29.1374 -16.4217 
14422516000000 18.4769 4.39886 -0.857452 77.2754 20.7909 24.8509 0 -23.5627 65.0745 14.0996 -2.67195 73.9315 0 -5.08067 22.2683 0.940101 -13.2536 2.94603 30.2827 -16.7717 
14422556000000 18.4769 3.91614 -1.00649 77.2754 20.7909 28.5084 0 -23.5627 67.4101 14.0996 -2.4706 73.9315 0 -4.73024 22.2683 0 -12.4223 2.94603 30.2827 -17.4716 
14422595000000 18.8803 3.91614 -1.00649 77.2754 20.7909 29.7275 0 -23.5627 67.4101 14.0996 -2.36992 76.6605 0 -4.5524 22.2683 0 -12.0013 2.94603 30.2827 -17.6465 
14422632000000 19.2838 3.43342 -1.15554 77.2754 20.7909 30.9466 0 -23.5627 67.4101 16.2628 -2.36992 79.3895 0 -4.54714 22.2683 0 -11.9907 2.94603 30.2827 -17.9965 
14422676000000 19.6872 2.9507 -1.30458 77.2754 20.7909 30.9466 0 -23.5627 67.4101 16.2628 -2.36992 79.3895 0 -4.54189 19.4073 0 -11.9801 2.94603 30.2827 -18.1715 
14422718000000 19.6872 2.9507 -1.30458 77.2754 20.7909 29.7275 0 -23.5627 67.4101 17.3443 -2.36992 79.3895 0 -4.54189 19.4073 0 -11.9801 2.94603 30.2827 -18.1715 
14422758000000 20.0906 2.9507 -1.52121 76.3591 20.7909 29.7275 0 -23.5627 67.4101 17.3443 -2.36992 79.3895 0 -4.54189 20.8378 0 -11.9801 2.94603 30.2827 -18.1715 
14422798000000 20.0906 2.9507 -1.52121 76.3591 20.7909 29.7275 0 -23.5627 67.4101 16.2628 -2.36992 79.3895 0 -4.54189 20.8378 0 -11.9801 2.94603 30.2827 -18.1715 
14422838000000 20.0906 2.9507 -1.52121 76.3591 21.2748 29.7275 0 -23.5627 67.4101 16.2628 -2.16858 79.3895 0 -4.19671 20.8378 0 -11.1594 2.94603 27.9921 -18.1715 
14422878000000 20.0906 2.9507 -1.52121 76.3591 21.2748 29.7275 0 -23.5627 67.4101 16.2628 -2.0679 79.3895 0 -4.02413 20.8378 0 -10.749 2.94603 29.1374 -18.1715 
14422918000000 20.0906 2.9507 -1.52121 76.3591 21.2748 29.7275 0 -23.5627 67.4101 16.2628 -1.86656 82.1186 0 -3.67895 20.8378 0 -9.92821 2.94603 29.1374 -18.1715 
14422958000000 20.0906 2.9507 -1.52121 76.3591 21.2748 30.9466 0 -23.5627 67.4101 16.2628 -1.76588 82.1186 0 -3.50111 20.8378 0 -9.50724 2.94603 27.9921 -18.3465 
14422997000000 20.0906 2.9507 -1.52121 76.3591 21.2748 30.9466 0 -23.057 67.4101 18.4259 -1.66521 82.1186 0 -3.32852 20.8378 0.108139 -9.09686 2.94603 29.1374 -18.3465 
14423036000000 20.0906 2.9507 -1.52121 76.3591 21.2748 30.9466 0 -23.057 67.4101 18.4259 -1.56454 82.1186 0 -3.15594 20.8378 0 -8.68647 2.94603 29.1374 -18.3465 
14423075000000 20.0906 2.9507 -1.52121 76.3591 21.2748 30.9466 0 -23.057 67.4101 18.4259 -1.46386 82.1186 0.358034 -2.98335 20.8378 0 -8.27608 2.94603 29.1374 -18.3465 
14423116000000 20.0906 2.9507 -1.52121 76.3591 21.2748 30.9466 0 -23.057 67.4101 18.4259 -1.46386 82.1186 0.358034 -2.98335 20.8378 0 -8.27608 2.94603 29.1374 -18.3465 
14423158000000 20.0906 2.9507 -1.52121 76.3591 21.2748 30.9466 0 -23.057 67.4101 18.4259 -1.46386 82.1186 0.358034 -2.98335 20.8378 0 -8.27608 2.94603 29.1374 -18.3465 
14423197000000 20.0906 2.9507 -1.52121 76.3591 21.2748 30.9466 0 -23.057 67.4101 18.4259 -1.46386 82.1186 0.358034 -2.98335 20.8378 0 -8.27608 2.94603 29.1374 -18.3465 
14423238000000 20.0906 2.9507 -1.73785 75.4428 21.2748 30.9466 0 -23.057 67.4101 18.4259 -1.46386 82.1186 0.358034 -2.98335 20.8378 0 -8.27608 2.94603 27.4195 -18.3465 
14423278000000 20.0906 2.9507 -1.73785 75.4428 21.2748 30.9466 0 -23.057 67.4101 18.4259 -1.46386 82.1186 0.358034 -2.98335 20.8378 0.108139 -8.27608 2.94603 28.5648 -18.3465 
14423319000000 20.0906 2.9507 -1.73785 75.4428 21.2748 30.9466 0 -23.057 67.4101 18.4259 -1.46386 82.1186 0.358034 -2.98335 20.8378 0.108139 -8.27608 2.94603 27.4195 -18.3465 
14423357000000 20.0906 2.9507 -1.73785 75.4428 21.2748 29.7275 0 -23.057 67.4101 18.4259 -1.46386 82.1186 0.358034 -2.98335 20.8378 0.108139 -8.27608 2.94603 28.5648 -18.3465 
14423398000000 20.0906 2.9507 -1.73785 75.4428 21.2748 29.7275 0 -23.057 67.4101 18.4259 -1.26251 82.1186 0.358034 -2.63818 20.8378 0.108139 -7.45531 2.94603 28.5648 -18.3465 
14423438000000 20.0906 2.9507 -1.73785 75.4428 21.2748 29.7275 0 -23.057 67.4101 18.4259 -1.26251 82.1186 0.358034 -2.63818 20.8378 0.108139 -7.45531 2.94603 28.5648 -18.3465 
14423478000000 20.0906 2.9507 -1.73785 75.4428 21.2748 29.7275 0 -22.8042 67.4101 18.4259 -1.26251 82.1186 0.358034 -2.63818 20.8378 0.108139 -7.45531 2.94603 28.5648 -18.3465 
14423519000000 20.0906 2.9507 -1.73785 75.4428 21.2748 29.7275 0 -22.8042 67.4101 18.4259 -1.16184 82.1186 0.358034 -2.46559 20.8378 0.108139 -7.04492 2.94603 28.5648 -18.3465 
14423558000000 20.0906 2.9507 -1.73785 75.4428 21.2748 29.7275 0 -22.8042 67.4101 19.5075 -1.16184 82.1186 0.358034 -2.46559 20.8378 0.108139 -7.04492 2.94603 28.5648 -18.3465 
14423598000000 20.0906 2.9507 -1.73785 75.4428 21.2748 29.7275 0 -22.8042 67.4101 19.5075 -1.16184 82.1186 0.358034 -2.46559 20.8378 0.108139 -7.04492 2.94603 28.5648 -18.3465 
14423638000000 20.0906 2.9507 -1.73785 75.4428 21.2748 29.7275 0 -22.8042 67.4101 19.5075 -1.16184 84.8476 0.358034 -2.46559 20.8378 0.108139 -7.04492 2.94603 28.5648 -18.3465 
14423640000000 20.0906 2.9507 -1.73785 75.4428 21.2748 29.7275 0 -22.8042 67.4101 19.5075 -1.16184 84.8476 0.358034 -2.46559 20.8378 0.108139 -7.04492 2.94603 28.5648 -18.5214 
14423678000000 20.0906 2.9507 -1.73785 75.4428 21.2748 29.7275 0 -22.8042 67.4101 19.5075 -1.16184 84.8476 0.358034 -2.46559 20.8378 0.108139 -7.04492 2.94603 28.5648 -18.5214 
14423688000000 20.0906 2.9507 -1.73785 75.4428 21.2748 29.7275 0 -22.8042 67.4101 19.5075 -0.960494 84.8476 2.17178 -2.12042 20.8378 0.108139 -6.22415 2.94603 28.5648 -18.5214 
