#time#THJ1#THJ2#THJ3#THJ4#THJ5#FFJ0#FFJ3#FFJ4#MFJ0#MFJ3#MFJ4#RFJ0#RFJ3#RFJ4#LFJ0#LFJ3#LFJ4#LFJ5#WRJ1#WRJ2
14328268000000 12.8288 4.88158 -13.2732 24.1296 -16.9489 2.90644 0 -7.63482 12.524 0 -1.06117 0 0 -2.22993 0 3.43599 -6.50758 2.94603 9.66714 -12.5722 
14328303000000 12.8288 4.88158 -13.2732 24.1296 -16.9489 2.90644 0 -7.63482 12.524 0 -1.06117 0 0 -2.22993 0 3.43599 -6.50758 2.94603 10.8125 -12.3972 
14328346000000 12.8288 4.88158 -13.2732 24.1296 -16.9489 2.90644 0 -7.63482 12.524 0 -1.06117 0 0 -2.23519 0 3.43599 -6.51816 2.94603 10.8125 -12.5722 
14328377000000 12.8288 4.88158 -13.2732 24.1296 -16.9489 2.90644 0 -7.63482 12.524 0 -1.06117 0 0 -2.22993 0 3.43599 -6.50758 2.94603 11.3851 -12.7472 
14328407000000 12.8288 4.88158 -13.2732 24.1296 -16.9489 2.90644 0 -7.63482 12.524 0 -1.06117 0 0 -2.22993 0 3.43599 -6.50758 2.94603 10.8125 -12.7472 
14328441000000 12.8288 4.88158 -13.2732 24.1296 -16.9489 2.90644 0 -7.63482 12.524 0 -1.06117 0 0 -2.22993 0 3.43599 -6.50758 2.94603 10.8125 -12.7472 
14328468000000 12.8288 4.88158 -13.2732 24.1296 -16.9489 2.90644 0 -7.63482 12.524 0 -1.06117 0 0 -2.22993 0 3.43599 -6.50758 2.94603 10.8125 -12.7472 
14328513000000 12.8288 4.39886 -13.4222 24.1296 -16.4651 2.90644 0 -7.63482 12.524 0 -1.06117 0 0 -2.22993 0 3.43599 -6.50758 2.94603 6.80387 -12.7472 
14328534000000 12.8288 4.39886 -13.4222 24.1296 -16.4651 2.90644 0 -7.63482 12.524 0 -1.06117 0 0 -2.22993 0 3.43599 -6.50758 2.94603 10.8125 -12.7472 
14328588000000 12.8288 4.39886 -13.4222 24.1296 -16.4651 2.90644 0 -7.63482 12.524 0 -1.06117 0 0 -2.22993 0 3.43599 -6.50758 2.94603 10.8125 -12.7472 
14328637000000 12.8288 4.39886 -13.2056 25.0459 -16.4651 2.90644 0 -7.63482 12.524 0 -1.06117 0 0 -2.22993 0 3.43599 -6.50758 2.94603 11.3851 -12.7472 
14328672000000 12.8288 4.39886 -13.2056 25.0459 -16.4651 2.90644 0 -7.63482 12.524 0 -1.06117 0 0 -2.22993 0 3.43599 -6.50758 2.94603 11.3851 -12.7472 
14328702000000 12.8288 4.39886 -13.2056 25.0459 -16.4651 2.90644 0 -7.63482 12.524 0 -1.06117 0 0 -2.22993 0 2.60403 -6.50758 2.94603 11.3851 -12.7472 
14328733000000 12.8288 4.39886 -13.2056 25.0459 -16.4651 2.90644 0 -7.63482 12.524 0 -1.16184 0 0 -2.40252 0 2.60403 -6.91797 2.94603 11.3851 -12.7472 
14328782000000 12.8288 4.39886 -13.2056 25.0459 -15.4974 2.90644 0 -7.63482 12.524 0 -1.16184 0 0 -2.40252 0 2.60403 -6.91797 2.94603 11.3851 -12.7472 
14328809000000 12.8288 4.39886 -13.2056 25.0459 -15.4974 2.90644 0 -7.63482 12.524 0 -1.16184 0 0 -2.40252 0 2.60403 -6.91797 2.94603 11.3851 -13.0971 
14328848000000 12.8288 4.39886 -13.2056 25.0459 -15.0135 2.90644 0 -7.63482 12.524 0 -1.16184 0 0 -2.40252 0 2.60403 -6.91797 2.94603 11.3851 -13.2721 
14328885000000 12.8288 4.39886 -12.5557 27.7948 -14.5297 2.90644 0 -7.63482 12.524 0 -1.16184 0 0 -2.40252 0 2.60403 -6.91797 2.94603 10.2398 -13.2721 
14328928000000 12.4253 3.43342 -12.6371 28.7111 -13.0782 2.90644 0 -7.63482 12.524 0 -1.16184 0 0 -2.40252 0 2.60403 -6.91797 2.94603 10.2398 -13.797 
14328960000000 12.4253 2.46797 -11.4188 35.1253 -10.1751 2.90644 0 -7.63482 12.524 0 -1.36319 0 0 -2.75295 0 2.60403 -7.74932 2.94603 6.23121 -15.0219 
14329009000000 12.4253 1.98525 -10.7013 38.7905 -8.72357 4.12558 0 -7.63482 14.8596 0 -1.46386 0.247159 0 -2.92028 0 2.60403 -8.14913 2.94603 6.80387 -15.3718 
14329048000000 12.4253 1.0198 -9.48292 45.2047 -5.33665 4.12558 0 -8.64611 16.0274 0 -1.46386 2.97621 0 -2.92028 0 4.26795 -8.14913 2.94603 5.65855 -16.2467 
14329088000000 12.4253 1.0198 -8.61639 48.8699 -3.40128 4.12558 0 -9.40458 18.363 0 -1.46386 5.70525 0 -2.92028 0 5.09991 -8.14913 2.94603 6.80387 -16.7717 
14329128000000 11.6185 1.0198 -7.96649 51.6188 -1.4659 4.12558 0 -10.1631 20.6986 0 -1.26251 11.1633 0 -2.57511 0 5.09991 -7.32836 2.94603 6.80387 -17.4716 
14329168000000 11.215 1.0198 -7.09996 55.2841 1.43717 4.12558 0 -10.9215 23.0341 0 -1.16184 13.8924 0 -2.40252 0 5.93187 -6.91797 2.94603 7.94918 -18.3465 
14329208000000 11.215 0.0543616 -6.74814 58.033 3.85639 4.12558 0 -11.9328 26.5375 0 -1.16184 16.6214 0 -2.40252 0 5.93187 -6.91797 2.94603 7.37652 -18.8714 
14329246000000 11.215 0.0543616 -6.09824 60.7819 5.79176 6.56386 0 -12.9441 30.0409 0.0391905 -1.16184 24.8086 0 -2.41303 0 5.93187 -6.93913 2.94603 7.37652 -19.2213 
14329288000000 11.215 0.0543616 -5.44834 63.5308 8.21099 9.00213 0 -13.9554 33.5442 1.12076 -1.16184 27.5376 0 -2.41303 0.8108 5.93187 -6.93913 2.94603 8.52183 -20.0962 
14329328000000 12.0219 0.0543616 -5.01507 65.3634 9.66252 10.2213 0 -14.461 34.712 2.20233 -1.16184 30.2667 0 -2.41829 0.8108 5.93187 -6.94971 2.94603 9.09449 -20.6212 
14329368000000 12.4253 0.0543616 -4.79844 66.2798 10.6302 11.4404 0 -15.2195 38.2154 3.28391 -1.16184 35.7248 0 -2.41829 3.6718 5.93187 -6.94971 2.94603 10.2398 -21.1461 
14329407000000 12.4253 0.0543616 -4.79844 66.2798 11.1141 12.6596 0 -15.2195 39.3832 3.28391 -1.16184 38.4538 0 -2.42354 3.6718 5.93187 -6.96029 2.94603 11.9578 -21.4961 
14329448000000 12.4253 0.0543616 -4.58181 67.1961 11.5979 12.6596 0 -15.4723 40.551 3.28391 -1.16184 38.4538 0 -2.42354 3.6718 5.93187 -6.96029 2.94603 13.6757 -21.671 
14329488000000 12.4253 0.0543616 -4.58181 67.1961 12.0817 13.8787 0 -15.7252 42.8865 3.28391 -1.16184 43.9119 0 -2.42354 3.6718 5.93187 -6.96029 2.94603 15.9664 -21.4961 
14329528000000 12.4253 0.0543616 -4.58181 67.1961 12.0817 13.8787 0 -15.7252 44.0543 5.44705 -1.16184 43.9119 0 -2.42354 3.6718 6.76383 -6.96029 2.94603 17.1117 -21.846 
14329568000000 13.6356 0.0543616 -4.58181 67.1961 12.0817 15.0978 0 -15.978 46.3899 5.44705 -1.16184 46.641 0 -2.42354 3.6718 6.76383 -6.96029 2.94603 18.8296 -22.196 
14329607000000 15.2494 1.0198 -4.28372 67.1961 12.0817 16.317 0 -15.978 48.7255 7.61019 -1.16184 49.37 0 -2.43406 3.6718 6.76383 -6.98145 2.94603 19.9749 -22.5459 
14329607000000 16.0563 1.98525 -3.98564 67.1961 12.0817 17.5361 0 -15.7252 52.2289 10.8549 -1.16184 52.0991 0 -2.43931 3.6718 6.76383 -6.99203 2.94603 21.1203 -23.2458 
14329646000000 16.8631 1.98525 -3.98564 67.1961 12.0817 17.5361 0 -15.7252 54.5644 14.0996 -1.16184 54.8281 0 -2.44457 3.6718 8.42776 -7.00261 2.94603 22.2656 -23.2458 
14329647000000 17.67 2.46797 -3.83659 67.1961 12.0817 19.9744 0 -15.4723 59.2356 14.0996 -1.16184 57.5572 0 -2.44457 3.6718 8.42776 -7.00261 2.94603 23.4109 -23.4208 
14329686000000 18.8803 2.9507 -3.68755 67.1961 12.0817 22.4127 0 -15.2195 63.9068 16.2628 -0.960494 63.0152 0 -2.09939 5.1023 8.42776 -6.18183 2.94603 23.9835 -23.4208 
14329709000000 20.8975 3.91614 -3.17283 68.1124 12.0817 28.5084 0 -15.7252 69.7457 15.1812 -0.457125 71.2024 0.358034 -1.23646 5.1023 8.42776 -4.1299 2.94603 22.8382 -23.5958 
14329739000000 21.7044 3.43342 -3.32187 68.1124 12.0817 30.9466 0 -15.978 70.9135 15.1812 -0.356452 71.2024 0.358034 -1.05336 5.1023 8.42776 -3.69835 2.94603 23.9835 -24.1207 
14329788000000 22.5113 2.9507 -3.47092 68.1124 12.0817 34.6041 0 -15.978 72.0813 15.1812 -0.054431 73.9315 0.358034 -0.535603 5.1023 8.42776 -2.46719 2.94603 24.5562 -24.4707 
14329828000000 22.9147 2.9507 -3.90418 66.2798 13.0494 37.0423 0 -16.2308 72.0813 15.1812 0.0462426 73.9315 0.358034 -0.35776 5.1023 8.42776 -2.04623 2.94603 24.5562 -24.6457 
14329876000000 23.3181 2.46797 -4.05322 66.2798 13.0494 38.2615 0 -16.4836 72.0813 15.1812 0.348263 73.9315 0.358034 0.159999 5.1023 8.42776 -0.815067 2.94603 24.5562 -24.8206 
14329917000000 23.7216 2.46797 -4.05322 66.2798 13.5333 38.2615 0 -16.7365 72.0813 15.1812 0.448937 73.9315 0.358034 0.332586 5.1023 8.42776 -0.404681 2.94603 23.4109 -24.8206 
14329958000000 24.125 2.46797 -4.05322 66.2798 13.5333 38.2615 0 -16.9893 72.0813 15.1812 0.650284 73.9315 0.358034 0.677759 5.1023 8.42776 0.416092 2.94603 24.5562 -24.8206 
14329997000000 24.5284 2.46797 -4.05322 66.2798 13.5333 38.2615 0 -16.9893 72.0813 17.3443 0.851631 79.3895 0.358034 1.02293 5.1023 8.42776 1.23687 2.94603 24.5562 -24.8206 
14330037000000 24.9319 2.46797 -4.05322 66.2798 13.5333 38.2615 0 -16.9893 72.0813 17.3443 0.952305 79.3895 0.358034 1.19552 5.1023 8.42776 1.64725 2.94603 24.5562 -24.8206 
14330078000000 24.9319 1.50253 -4.56794 65.3634 13.5333 38.2615 0 -16.9893 73.2491 18.4259 1.05298 79.3895 0.358034 1.36811 5.1023 9.25972 2.05764 2.94603 22.8382 -24.4707 
14330118000000 24.9319 1.50253 -4.56794 65.3634 13.5333 38.2615 0.276823 -16.9893 73.2491 18.4259 1.15365 79.3895 0.358034 1.53544 5.1023 9.25972 2.45745 2.94603 23.9835 -24.4707 
14330159000000 24.9319 1.50253 -4.56794 65.3634 14.0171 38.2615 0.276823 -16.9893 73.2491 18.4259 1.25433 79.3895 0.358034 1.70802 5.1023 9.25972 2.86783 2.94603 24.5562 -24.4707 
14330198000000 24.9319 1.50253 -4.56794 65.3634 14.0171 38.2615 1.04838 -16.9893 73.2491 18.4259 1.25433 79.3895 0.358034 1.70802 5.1023 9.25972 2.86783 2.94603 23.9835 -24.1207 
14330239000000 24.9319 1.50253 -4.56794 65.3634 14.0171 38.2615 1.04838 -16.9893 73.2491 18.4259 1.355 79.3895 0.358034 1.88061 5.1023 9.25972 3.27822 2.94603 23.9835 -23.9458 
14330279000000 24.9319 1.50253 -4.56794 65.3634 14.0171 38.2615 1.81993 -16.9893 73.2491 18.4259 1.355 82.1186 2.17178 1.88061 5.1023 9.25972 3.27822 2.94603 23.9835 -23.7708 
14330318000000 24.9319 1.50253 -4.56794 65.3634 14.0171 38.2615 1.81993 -16.9893 73.2491 19.5075 1.355 82.1186 2.17178 1.88061 5.1023 9.25972 3.27822 2.94603 22.2656 -23.7708 
14330358000000 24.9319 1.50253 -4.56794 65.3634 14.0171 38.2615 1.81993 -16.7365 73.2491 19.5075 1.355 82.1186 2.17178 1.87535 5.1023 9.25972 3.26764 2.94603 23.9835 -23.7708 
14330398000000 24.9319 1.50253 -4.56794 65.3634 14.0171 37.0423 1.81993 -16.7365 73.2491 19.5075 1.355 82.1186 2.17178 1.87535 5.1023 10.0917 3.26764 2.94603 23.9835 -23.5958 
14330430000000 24.9319 1.50253 -4.56794 65.3634 14.0171 37.0423 1.81993 -16.7365 73.2491 19.5075 1.45567 82.1186 2.17178 2.04794 5.1023 10.0917 3.67803 2.94603 22.2656 -23.5958 
14330473000000 24.9319 1.50253 -4.78458 64.4471 14.0171 37.0423 1.81993 -16.7365 73.2491 19.5075 1.45567 84.8476 2.17178 2.04794 5.1023 10.0917 3.67803 2.94603 23.4109 -23.5958 
14330515000000 24.9319 1.50253 -4.78458 64.4471 14.0171 37.0423 3.36303 -16.7365 73.2491 19.5075 1.45567 84.8476 2.17178 2.04268 5.1023 10.0917 3.66745 2.94603 23.4109 -23.5958 
14330558000000 24.9319 1.50253 -4.78458 64.4471 14.0171 37.0423 3.36303 -16.7365 73.2491 19.5075 1.45567 84.8476 2.17178 2.04268 5.1023 10.0917 3.66745 2.94603 23.4109 -23.5958 
14330558000000 24.9319 1.50253 -4.78458 64.4471 14.0171 37.0423 3.36303 -16.4836 73.2491 19.5075 1.45567 84.8476 2.17178 2.04268 5.1023 10.0917 3.66745 2.94603 23.4109 -23.5958 
14330594000000 24.9319 1.50253 -4.78458 64.4471 14.0171 37.0423 3.36303 -16.4836 73.2491 19.5075 1.45567 84.8476 2.17178 2.04268 5.1023 10.0917 3.66745 2.94603 23.4109 -23.5958 
14330618000000 24.9319 1.50253 -4.78458 64.4471 14.0171 37.0423 3.36303 -16.4836 73.2491 20.5891 1.45567 84.8476 2.17178 2.04268 5.1023 10.0917 3.66745 2.94603 23.4109 -23.5958 
14330658000000 24.9319 1.50253 -4.78458 64.4471 14.0171 37.0423 3.36303 -16.4836 73.2491 20.5891 1.45567 84.8476 2.17178 2.04268 5.1023 10.0917 3.66745 2.94603 23.4109 -23.5958 
14330697000000 24.9319 1.50253 -4.78458 64.4471 14.0171 35.8232 3.36303 -16.4836 73.2491 20.5891 1.45567 84.8476 2.17178 2.04268 5.1023 10.0917 3.66745 2.94603 23.4109 -23.4208 
14330735000000 24.9319 1.50253 -4.78458 64.4471 14.0171 35.8232 3.36303 -16.4836 73.2491 20.5891 1.45567 84.8476 2.17178 2.04268 5.1023 10.0917 3.66745 2.94603 23.4109 -23.4208 
14330778000000 24.9319 1.50253 -4.78458 64.4471 14.0171 35.8232 3.36303 -16.4836 72.0813 20.5891 1.45567 84.8476 2.17178 2.04268 5.1023 10.0917 3.66745 2.94603 23.4109 -23.4208 
14330781000000 24.9319 1.50253 -4.78458 64.4471 14.0171 35.8232 4.13459 -16.4836 72.0813 20.5891 1.45567 84.8476 2.17178 2.04268 5.1023 10.0917 3.66745 2.94603 23.4109 -23.4208 
14330818000000 24.9319 1.0198 -4.93362 64.4471 14.0171 35.8232 4.13459 -16.4836 72.0813 20.5891 1.45567 84.8476 2.17178 2.03743 5.1023 10.0917 3.65687 2.94603 23.4109 -23.4208 
14330838000000 24.9319 1.0198 -4.93362 64.4471 14.0171 35.8232 4.13459 -16.4836 72.0813 20.5891 1.45567 84.8476 2.17178 2.03743 5.1023 10.0917 3.65687 2.94603 23.4109 -23.4208 
14330878000000 24.9319 1.0198 -4.93362 64.4471 14.0171 35.8232 4.13459 -16.4836 72.0813 20.5891 1.45567 84.8476 2.17178 2.03743 5.1023 10.0917 3.65687 2.94603 22.2656 -23.4208 
14330918000000 24.9319 1.0198 -4.93362 64.4471 14.0171 35.8232 4.13459 -16.4836 72.0813 20.5891 1.45567 84.8476 2.17178 2.03743 5.1023 10.0917 3.65687 2.94603 23.4109 -23.4208 
14330956000000 24.9319 1.0198 -4.93362 64.4471 14.0171 35.8232 4.13459 -16.4836 72.0813 20.5891 1.45567 84.8476 3.98553 2.03743 5.1023 10.0917 3.65687 2.94603 23.4109 -23.4208 
14330998000000 24.9319 1.0198 -4.93362 64.4471 14.0171 35.8232 4.13459 -16.4836 72.0813 20.5891 1.45567 84.8476 3.98553 2.03743 5.1023 10.0917 3.65687 2.94603 23.4109 -23.2458 
14331038000000 24.9319 1.0198 -4.93362 64.4471 14.0171 35.8232 4.13459 -16.4836 72.0813 20.5891 1.45567 84.8476 3.98553 2.03743 5.1023 10.0917 3.65687 2.94603 23.4109 -23.2458 
14331078000000 24.9319 1.0198 -4.93362 64.4471 14.0171 35.8232 4.90615 -16.2308 72.0813 21.6706 1.55635 87.5767 3.98553 2.21002 5.1023 10.0917 4.06726 2.94603 23.4109 -23.2458 
14331118000000 24.9319 1.0198 -4.93362 64.4471 14.0171 35.8232 4.90615 -16.2308 72.0813 21.6706 1.55635 87.5767 3.98553 2.21002 5.1023 10.0917 4.06726 2.94603 23.4109 -23.2458 
