# gloveCalibration.CalibrationRoutine parameters:
# calibrated on Thu Nov 29 16:55:30 CET 2012
# alpha-beta-gamma values:
  0.0547   1.0000   0.0000 
  0.7677  -0.1636  -1.4228 
 -0.7691   3.7777   0.0000 
 -0.8301   3.3530   0.0000 
  0.2829  -0.0593  -0.5366 
 -1.1298   4.0147   0.0000 
 -0.9508   3.9530   0.0000 
 -0.1507   0.2820   0.0000 
 -1.3802   4.0857   0.0000 
 -0.8731   3.4270   0.0000 
 -0.5584   1.0544   0.0000 
 -1.1094   3.7455   0.0000 
 -0.7219   2.8898   0.0000 
 -1.3384   2.7299   0.0000 
  1.5231  -1.7748   0.0000 
 -0.1221   1.0328  -0.8236 
 -0.3973   1.4786   0.0000 
 -0.6456   1.8093   0.0000 
